# t v(t) i(t) q(t)
# 2001 3
# 2001 3
-2.00000000e-02  1.29600200e+00  1.30328305e+00
-1.99800000e-02  1.92449735e+00  1.30328305e+00
-1.99600000e-02  1.91993152e+00  1.30328305e+00
-1.99400000e-02  1.91537653e+00  1.30328305e+00
-1.99200000e-02  1.91083234e+00  1.30328305e+00
-1.99000000e-02  1.90629893e+00  1.30328305e+00
-1.98800000e-02  1.90177628e+00  1.30328305e+00
-1.98600000e-02  1.89726436e+00  1.30328305e+00
-1.98400000e-02  1.89276314e+00  1.30328305e+00
-1.98200000e-02  1.88827260e+00  1.30328305e+00
-1.98000000e-02  1.88379271e+00  1.30328305e+00
-1.97800000e-02  1.87932346e+00  1.30328305e+00
-1.97600000e-02  1.87486480e+00  1.30328305e+00
-1.97400000e-02  1.87041673e+00  1.30328305e+00
-1.97200000e-02  1.86597920e+00  1.30328305e+00
-1.97000000e-02  1.86155221e+00  1.30328305e+00
-1.96800000e-02  1.85713572e+00  1.30328305e+00
-1.96600000e-02  1.85272970e+00  1.30328305e+00
-1.96400000e-02  1.84833414e+00  1.30328305e+00
-1.96200000e-02  1.84394901e+00  1.30328305e+00
-1.96000000e-02  1.83957428e+00  1.30328305e+00
-1.95800000e-02  1.83520993e+00  1.30328305e+00
-1.95600000e-02  1.83085594e+00  1.30328305e+00
-1.95400000e-02  1.82651227e+00  1.30328305e+00
-1.95200000e-02  1.82217891e+00  1.30328305e+00
-1.95000000e-02  1.81785583e+00  1.30328305e+00
-1.94800000e-02  1.81354301e+00  1.30328305e+00
-1.94600000e-02  1.80924042e+00  1.30328305e+00
-1.94400000e-02  1.80494803e+00  1.30328305e+00
-1.94200000e-02  1.80066583e+00  1.30328305e+00
-1.94000000e-02  1.79639379e+00  1.30328305e+00
-1.93800000e-02  1.79213189e+00  1.30328305e+00
-1.93600000e-02  1.78788009e+00  1.30328305e+00
-1.93400000e-02  1.78363839e+00  1.30328305e+00
-1.93200000e-02  1.77940674e+00  1.30328305e+00
-1.93000000e-02  1.77518514e+00  1.30328305e+00
-1.92800000e-02  1.77097355e+00  1.30328305e+00
-1.92600000e-02  1.76677196e+00  1.30328305e+00
-1.92400000e-02  1.76258033e+00  1.30328305e+00
-1.92200000e-02  1.75839865e+00  1.30328305e+00
-1.92000000e-02  1.75422688e+00  1.30328305e+00
-1.91800000e-02  1.75006502e+00  1.30328305e+00
-1.91600000e-02  1.74591303e+00  1.30328305e+00
-1.91400000e-02  1.74177089e+00  1.30328305e+00
-1.91200000e-02  1.73763857e+00  1.30328305e+00
-1.91000000e-02  1.73351606e+00  1.30328305e+00
-1.90800000e-02  1.72940334e+00  1.30328305e+00
-1.90600000e-02  1.72530036e+00  1.30328305e+00
-1.90400000e-02  1.72120713e+00  1.30328305e+00
-1.90200000e-02  1.71712360e+00  1.30328305e+00
-1.90000000e-02  1.71304976e+00  1.30328305e+00
-1.89800000e-02  1.70898559e+00  1.30328305e+00
-1.89600000e-02  1.70493106e+00  1.30328305e+00
-1.89400000e-02  1.70088615e+00  1.30328305e+00
-1.89200000e-02  1.69685083e+00  1.30328305e+00
-1.89000000e-02  1.69282509e+00  1.30328305e+00
-1.88800000e-02  1.68880890e+00  1.30328305e+00
-1.88600000e-02  1.68480224e+00  1.30328305e+00
-1.88400000e-02  1.68080508e+00  1.30328305e+00
-1.88200000e-02  1.67681741e+00  1.30328305e+00
-1.88000000e-02  1.67283919e+00  1.30328305e+00
-1.87800000e-02  1.66887042e+00  1.30328305e+00
-1.87600000e-02  1.66491106e+00  1.30328305e+00
-1.87400000e-02  1.66096110e+00  1.30328305e+00
-1.87200000e-02  1.65702050e+00  1.30328305e+00
-1.87000000e-02  1.65308926e+00  1.30328305e+00
-1.86800000e-02  1.64916734e+00  1.30328305e+00
-1.86600000e-02  1.64525473e+00  1.30328305e+00
-1.86400000e-02  1.64135140e+00  1.30328305e+00
-1.86200000e-02  1.63745733e+00  1.30328305e+00
-1.86000000e-02  1.63357249e+00  1.30328305e+00
-1.85800000e-02  1.62969688e+00  1.30328305e+00
-1.85600000e-02  1.62583046e+00  1.30328305e+00
-1.85400000e-02  1.62197321e+00  1.30328305e+00
-1.85200000e-02  1.61812512e+00  1.30328305e+00
-1.85000000e-02  1.61428615e+00  1.30328305e+00
-1.84800000e-02  1.61045629e+00  1.30328305e+00
-1.84600000e-02  1.60663552e+00  1.30328305e+00
-1.84400000e-02  1.60282381e+00  1.30328305e+00
-1.84200000e-02  1.59902115e+00  1.30328305e+00
-1.84000000e-02  1.59522750e+00  1.30328305e+00
-1.83800000e-02  1.59144286e+00  1.30328305e+00
-1.83600000e-02  1.58766720e+00  1.30328305e+00
-1.83400000e-02  1.58390049e+00  1.30328305e+00
-1.83200000e-02  1.58014272e+00  1.30328305e+00
-1.83000000e-02  1.57639387e+00  1.30328305e+00
-1.82800000e-02  1.57265391e+00  1.30328305e+00
-1.82600000e-02  1.56892282e+00  1.30328305e+00
-1.82400000e-02  1.56520059e+00  1.30328305e+00
-1.82200000e-02  1.56148718e+00  1.30328305e+00
-1.82000000e-02  1.55778259e+00  1.30328305e+00
-1.81800000e-02  1.55408678e+00  1.30328305e+00
-1.81600000e-02  1.55039975e+00  1.30328305e+00
-1.81400000e-02  1.54672146e+00  1.30328305e+00
-1.81200000e-02  1.54305189e+00  1.30328305e+00
-1.81000000e-02  1.53939104e+00  1.30328305e+00
-1.80800000e-02  1.53573887e+00  1.30328305e+00
-1.80600000e-02  1.53209536e+00  1.30328305e+00
-1.80400000e-02  1.52846050e+00  1.30328305e+00
-1.80200000e-02  1.52483426e+00  1.30328305e+00
-1.80000000e-02  1.52121662e+00  1.30328305e+00
-1.79800000e-02  1.51760757e+00  1.30328305e+00
-1.79600000e-02  1.51400708e+00  1.30328305e+00
-1.79400000e-02  1.51041513e+00  1.30328305e+00
-1.79200000e-02  1.50683170e+00  1.30328305e+00
-1.79000000e-02  1.50325678e+00  1.30328305e+00
-1.78800000e-02  1.49969033e+00  1.30328305e+00
-1.78600000e-02  1.49613235e+00  1.30328305e+00
-1.78400000e-02  1.49258281e+00  1.30328305e+00
-1.78200000e-02  1.48904169e+00  1.30328305e+00
-1.78000000e-02  1.48550897e+00  1.30328305e+00
-1.77800000e-02  1.48198463e+00  1.30328305e+00
-1.77600000e-02  1.47846866e+00  1.30328305e+00
-1.77400000e-02  1.47496102e+00  1.30328305e+00
-1.77200000e-02  1.47146171e+00  1.30328305e+00
-1.77000000e-02  1.46797070e+00  1.30328305e+00
-1.76800000e-02  1.46448797e+00  1.30328305e+00
-1.76600000e-02  1.46101350e+00  1.30328305e+00
-1.76400000e-02  1.45754728e+00  1.30328305e+00
-1.76200000e-02  1.45408928e+00  1.30328305e+00
-1.76000000e-02  1.45063949e+00  1.30328305e+00
-1.75800000e-02  1.44719788e+00  1.30328305e+00
-1.75600000e-02  1.44376443e+00  1.30328305e+00
-1.75400000e-02  1.44033913e+00  1.30328305e+00
-1.75200000e-02  1.43692196e+00  1.30328305e+00
-1.75000000e-02  1.43351289e+00  1.30328305e+00
-1.74800000e-02  1.43011191e+00  1.30328305e+00
-1.74600000e-02  1.42671901e+00  1.30328305e+00
-1.74400000e-02  1.42333415e+00  1.30328305e+00
-1.74200000e-02  1.41995732e+00  1.30328305e+00
-1.74000000e-02  1.41658850e+00  1.30328305e+00
-1.73800000e-02  1.41322767e+00  1.30328305e+00
-1.73600000e-02  1.40987482e+00  1.30328305e+00
-1.73400000e-02  1.40652992e+00  1.30328305e+00
-1.73200000e-02  1.40319296e+00  1.30328305e+00
-1.73000000e-02  1.39986392e+00  1.30328305e+00
-1.72800000e-02  1.39654277e+00  1.30328305e+00
-1.72600000e-02  1.39322951e+00  1.30328305e+00
-1.72400000e-02  1.38992410e+00  1.30328305e+00
-1.72200000e-02  1.38662653e+00  1.30328305e+00
-1.72000000e-02  1.38333679e+00  1.30328305e+00
-1.71800000e-02  1.38005486e+00  1.30328305e+00
-1.71600000e-02  1.37678071e+00  1.30328305e+00
-1.71400000e-02  1.37351432e+00  1.30328305e+00
-1.71200000e-02  1.37025569e+00  1.30328305e+00
-1.71000000e-02  1.36700479e+00  1.30328305e+00
-1.70800000e-02  1.36376160e+00  1.30328305e+00
-1.70600000e-02  1.36052611e+00  1.30328305e+00
-1.70400000e-02  1.35729829e+00  1.30328305e+00
-1.70200000e-02  1.35407813e+00  1.30328305e+00
-1.70000000e-02  1.35086561e+00  1.30328305e+00
-1.69800000e-02  1.34766071e+00  1.30328305e+00
-1.69600000e-02  1.34446341e+00  1.30328305e+00
-1.69400000e-02  1.34127370e+00  1.30328305e+00
-1.69200000e-02  1.33809156e+00  1.30328305e+00
-1.69000000e-02  1.33491697e+00  1.30328305e+00
-1.68800000e-02  1.33174991e+00  1.30328305e+00
-1.68600000e-02  1.32859036e+00  1.30328305e+00
-1.68400000e-02  1.32543831e+00  1.30328305e+00
-1.68200000e-02  1.32229373e+00  1.30328305e+00
-1.68000000e-02  1.31915662e+00  1.30328305e+00
-1.67800000e-02  1.31602695e+00  1.30328305e+00
-1.67600000e-02  1.31290470e+00  1.30328305e+00
-1.67400000e-02  1.30978987e+00  1.30328305e+00
-1.67200000e-02  1.30668242e+00  1.30328305e+00
-1.67000000e-02  1.30358234e+00  1.30328305e+00
-1.66800000e-02  1.30048962e+00  1.30328305e+00
-1.66600000e-02  1.92995019e+00  1.30328305e+00
-1.66400000e-02  1.92537142e+00  1.30328305e+00
-1.66200000e-02  1.92080352e+00  1.30328305e+00
-1.66000000e-02  1.91624646e+00  1.30328305e+00
-1.65800000e-02  1.91170021e+00  1.30328305e+00
-1.65600000e-02  1.90716474e+00  1.30328305e+00
-1.65400000e-02  1.90264003e+00  1.30328305e+00
-1.65200000e-02  1.89812606e+00  1.30328305e+00
-1.65000000e-02  1.89362280e+00  1.30328305e+00
-1.64800000e-02  1.88913022e+00  1.30328305e+00
-1.64600000e-02  1.88464830e+00  1.30328305e+00
-1.64400000e-02  1.88017701e+00  1.30328305e+00
-1.64200000e-02  1.87571633e+00  1.30328305e+00
-1.64000000e-02  1.87126624e+00  1.30328305e+00
-1.63800000e-02  1.86682670e+00  1.30328305e+00
-1.63600000e-02  1.86239769e+00  1.30328305e+00
-1.63400000e-02  1.85797920e+00  1.30328305e+00
-1.63200000e-02  1.85357118e+00  1.30328305e+00
-1.63000000e-02  1.84917362e+00  1.30328305e+00
-1.62800000e-02  1.84478650e+00  1.30328305e+00
-1.62600000e-02  1.84040978e+00  1.30328305e+00
-1.62400000e-02  1.83604345e+00  1.30328305e+00
-1.62200000e-02  1.83168748e+00  1.30328305e+00
-1.62000000e-02  1.82734184e+00  1.30328305e+00
-1.61800000e-02  1.82300651e+00  1.30328305e+00
-1.61600000e-02  1.81868147e+00  1.30328305e+00
-1.61400000e-02  1.81436669e+00  1.30328305e+00
-1.61200000e-02  1.81006214e+00  1.30328305e+00
-1.61000000e-02  1.80576781e+00  1.30328305e+00
-1.60800000e-02  1.80148366e+00  1.30328305e+00
-1.60600000e-02  1.79720968e+00  1.30328305e+00
-1.60400000e-02  1.79294584e+00  1.30328305e+00
-1.60200000e-02  1.78869212e+00  1.30328305e+00
-1.60000000e-02  1.78444849e+00  1.30328305e+00
-1.59800000e-02  1.78021492e+00  1.30328305e+00
-1.59600000e-02  1.77599140e+00  1.30328305e+00
-1.59400000e-02  1.77177790e+00  1.30328305e+00
-1.59200000e-02  1.76757439e+00  1.30328305e+00
-1.59000000e-02  1.76338086e+00  1.30328305e+00
-1.58800000e-02  1.75919728e+00  1.30328305e+00
-1.58600000e-02  1.75502362e+00  1.30328305e+00
-1.58400000e-02  1.75085987e+00  1.30328305e+00
-1.58200000e-02  1.74670599e+00  1.30328305e+00
-1.58000000e-02  1.74256197e+00  1.30328305e+00
-1.57800000e-02  1.73842778e+00  1.30328305e+00
-1.57600000e-02  1.73430340e+00  1.30328305e+00
-1.57400000e-02  1.73018880e+00  1.30328305e+00
-1.57200000e-02  1.72608397e+00  1.30328305e+00
-1.57000000e-02  1.72198887e+00  1.30328305e+00
-1.56800000e-02  1.71790349e+00  1.30328305e+00
-1.56600000e-02  1.71382780e+00  1.30328305e+00
-1.56400000e-02  1.70976178e+00  1.30328305e+00
-1.56200000e-02  1.70570541e+00  1.30328305e+00
-1.56000000e-02  1.70165866e+00  1.30328305e+00
-1.55800000e-02  1.69762151e+00  1.30328305e+00
-1.55600000e-02  1.69359394e+00  1.30328305e+00
-1.55400000e-02  1.68957593e+00  1.30328305e+00
-1.55200000e-02  1.68556745e+00  1.30328305e+00
-1.55000000e-02  1.68156847e+00  1.30328305e+00
-1.54800000e-02  1.67757899e+00  1.30328305e+00
-1.54600000e-02  1.67359897e+00  1.30328305e+00
-1.54400000e-02  1.66962839e+00  1.30328305e+00
-1.54200000e-02  1.66566724e+00  1.30328305e+00
-1.54000000e-02  1.66171548e+00  1.30328305e+00
-1.53800000e-02  1.65777309e+00  1.30328305e+00
-1.53600000e-02  1.65384006e+00  1.30328305e+00
-1.53400000e-02  1.64991636e+00  1.30328305e+00
-1.53200000e-02  1.64600197e+00  1.30328305e+00
-1.53000000e-02  1.64209687e+00  1.30328305e+00
-1.52800000e-02  1.63820103e+00  1.30328305e+00
-1.52600000e-02  1.63431443e+00  1.30328305e+00
-1.52400000e-02  1.63043706e+00  1.30328305e+00
-1.52200000e-02  1.62656888e+00  1.30328305e+00
-1.52000000e-02  1.62270988e+00  1.30328305e+00
-1.51800000e-02  1.61886004e+00  1.30328305e+00
-1.51600000e-02  1.61501933e+00  1.30328305e+00
-1.51400000e-02  1.61118773e+00  1.30328305e+00
-1.51200000e-02  1.60736522e+00  1.30328305e+00
-1.51000000e-02  1.60355179e+00  1.30328305e+00
-1.50800000e-02  1.59974739e+00  1.30328305e+00
-1.50600000e-02  1.59595203e+00  1.30328305e+00
-1.50400000e-02  1.59216567e+00  1.30328305e+00
-1.50200000e-02  1.58838829e+00  1.30328305e+00
-1.50000000e-02  1.58461987e+00  1.30328305e+00
-1.49800000e-02  1.58086040e+00  1.30328305e+00
-1.49600000e-02  1.57710984e+00  1.30328305e+00
-1.49400000e-02  1.57336818e+00  1.30328305e+00
-1.49200000e-02  1.56963540e+00  1.30328305e+00
-1.49000000e-02  1.56591147e+00  1.30328305e+00
-1.48800000e-02  1.56219638e+00  1.30328305e+00
-1.48600000e-02  1.55849011e+00  1.30328305e+00
-1.48400000e-02  1.55479262e+00  1.30328305e+00
-1.48200000e-02  1.55110391e+00  1.30328305e+00
-1.48000000e-02  1.54742395e+00  1.30328305e+00
-1.47800000e-02  1.54375272e+00  1.30328305e+00
-1.47600000e-02  1.54009020e+00  1.30328305e+00
-1.47400000e-02  1.53643637e+00  1.30328305e+00
-1.47200000e-02  1.53279121e+00  1.30328305e+00
-1.47000000e-02  1.52915470e+00  1.30328305e+00
-1.46800000e-02  1.52552681e+00  1.30328305e+00
-1.46600000e-02  1.52190753e+00  1.30328305e+00
-1.46400000e-02  1.51829684e+00  1.30328305e+00
-1.46200000e-02  1.51469471e+00  1.30328305e+00
-1.46000000e-02  1.51110113e+00  1.30328305e+00
-1.45800000e-02  1.50751608e+00  1.30328305e+00
-1.45600000e-02  1.50393953e+00  1.30328305e+00
-1.45400000e-02  1.50037147e+00  1.30328305e+00
-1.45200000e-02  1.49681187e+00  1.30328305e+00
-1.45000000e-02  1.49326071e+00  1.30328305e+00
-1.44800000e-02  1.48971799e+00  1.30328305e+00
-1.44600000e-02  1.48618366e+00  1.30328305e+00
-1.44400000e-02  1.48265772e+00  1.30328305e+00
-1.44200000e-02  1.47914015e+00  1.30328305e+00
-1.44000000e-02  1.47563092e+00  1.30328305e+00
-1.43800000e-02  1.47213002e+00  1.30328305e+00
-1.43600000e-02  1.46863742e+00  1.30328305e+00
-1.43400000e-02  1.46515311e+00  1.30328305e+00
-1.43200000e-02  1.46167707e+00  1.30328305e+00
-1.43000000e-02  1.45820927e+00  1.30328305e+00
-1.42800000e-02  1.45474970e+00  1.30328305e+00
-1.42600000e-02  1.45129834e+00  1.30328305e+00
-1.42400000e-02  1.44785517e+00  1.30328305e+00
-1.42200000e-02  1.44442016e+00  1.30328305e+00
-1.42000000e-02  1.44099331e+00  1.30328305e+00
-1.41800000e-02  1.43757458e+00  1.30328305e+00
-1.41600000e-02  1.43416397e+00  1.30328305e+00
-1.41400000e-02  1.43076145e+00  1.30328305e+00
-1.41200000e-02  1.42736700e+00  1.30328305e+00
-1.41000000e-02  1.42398060e+00  1.30328305e+00
-1.40800000e-02  1.42060224e+00  1.30328305e+00
-1.40600000e-02  1.41723189e+00  1.30328305e+00
-1.40400000e-02  1.41386954e+00  1.30328305e+00
-1.40200000e-02  1.41051516e+00  1.30328305e+00
-1.40000000e-02  1.40716875e+00  1.30328305e+00
-1.39800000e-02  1.40383027e+00  1.30328305e+00
-1.39600000e-02  1.40049971e+00  1.30328305e+00
-1.39400000e-02  1.39717706e+00  1.30328305e+00
-1.39200000e-02  1.39386229e+00  1.30328305e+00
-1.39000000e-02  1.39055538e+00  1.30328305e+00
-1.38800000e-02  1.38725632e+00  1.30328305e+00
-1.38600000e-02  1.38396508e+00  1.30328305e+00
-1.38400000e-02  1.38068165e+00  1.30328305e+00
-1.38200000e-02  1.37740602e+00  1.30328305e+00
-1.38000000e-02  1.37413815e+00  1.30328305e+00
-1.37800000e-02  1.37087804e+00  1.30328305e+00
-1.37600000e-02  1.36762566e+00  1.30328305e+00
-1.37400000e-02  1.36438100e+00  1.30328305e+00
-1.37200000e-02  1.36114403e+00  1.30328305e+00
-1.37000000e-02  1.35791475e+00  1.30328305e+00
-1.36800000e-02  1.35469313e+00  1.30328305e+00
-1.36600000e-02  1.35147915e+00  1.30328305e+00
-1.36400000e-02  1.34827279e+00  1.30328305e+00
-1.36200000e-02  1.34507404e+00  1.30328305e+00
-1.36000000e-02  1.34188289e+00  1.30328305e+00
-1.35800000e-02  1.33869930e+00  1.30328305e+00
-1.35600000e-02  1.33552326e+00  1.30328305e+00
-1.35400000e-02  1.33235476e+00  1.30328305e+00
-1.35200000e-02  1.32919378e+00  1.30328305e+00
-1.35000000e-02  1.32604030e+00  1.30328305e+00
-1.34800000e-02  1.32289430e+00  1.30328305e+00
-1.34600000e-02  1.31975576e+00  1.30328305e+00
-1.34400000e-02  1.31662467e+00  1.30328305e+00
-1.34200000e-02  1.31350100e+00  1.30328305e+00
-1.34000000e-02  1.31038475e+00  1.30328305e+00
-1.33800000e-02  1.30727589e+00  1.30328305e+00
-1.33600000e-02  1.30417441e+00  1.30328305e+00
-1.33400000e-02  1.30108028e+00  1.30328305e+00
-1.33200000e-02  1.93001380e+00  1.30328305e+00
-1.33000000e-02  1.92543488e+00  1.30328305e+00
-1.32800000e-02  1.92086683e+00  1.30328305e+00
-1.32600000e-02  1.91630961e+00  1.30328305e+00
-1.32400000e-02  1.91176321e+00  1.30328305e+00
-1.32200000e-02  1.90722760e+00  1.30328305e+00
-1.32000000e-02  1.90270274e+00  1.30328305e+00
-1.31800000e-02  1.89818862e+00  1.30328305e+00
-1.31600000e-02  1.89368521e+00  1.30328305e+00
-1.31400000e-02  1.88919248e+00  1.30328305e+00
-1.31200000e-02  1.88471041e+00  1.30328305e+00
-1.31000000e-02  1.88023898e+00  1.30328305e+00
-1.30800000e-02  1.87577815e+00  1.30328305e+00
-1.30600000e-02  1.87132791e+00  1.30328305e+00
-1.30400000e-02  1.86688823e+00  1.30328305e+00
-1.30200000e-02  1.86245907e+00  1.30328305e+00
-1.30000000e-02  1.85804043e+00  1.30328305e+00
-1.29800000e-02  1.85363227e+00  1.30328305e+00
-1.29600000e-02  1.84923457e+00  1.30328305e+00
-1.29400000e-02  1.84484730e+00  1.30328305e+00
-1.29200000e-02  1.84047044e+00  1.30328305e+00
-1.29000000e-02  1.83610396e+00  1.30328305e+00
-1.28800000e-02  1.83174785e+00  1.30328305e+00
-1.28600000e-02  1.82740207e+00  1.30328305e+00
-1.28400000e-02  1.82306660e+00  1.30328305e+00
-1.28200000e-02  1.81874141e+00  1.30328305e+00
-1.28000000e-02  1.81442649e+00  1.30328305e+00
-1.27800000e-02  1.81012180e+00  1.30328305e+00
-1.27600000e-02  1.80582732e+00  1.30328305e+00
-1.27400000e-02  1.80154304e+00  1.30328305e+00
-1.27200000e-02  1.79726892e+00  1.30328305e+00
-1.27000000e-02  1.79300494e+00  1.30328305e+00
-1.26800000e-02  1.78875107e+00  1.30328305e+00
-1.26600000e-02  1.78450730e+00  1.30328305e+00
-1.26400000e-02  1.78027359e+00  1.30328305e+00
-1.26200000e-02  1.77604993e+00  1.30328305e+00
-1.26000000e-02  1.77183629e+00  1.30328305e+00
-1.25800000e-02  1.76763265e+00  1.30328305e+00
-1.25600000e-02  1.76343898e+00  1.30328305e+00
-1.25400000e-02  1.75925526e+00  1.30328305e+00
-1.25200000e-02  1.75508147e+00  1.30328305e+00
-1.25000000e-02  1.75091757e+00  1.30328305e+00
-1.24800000e-02  1.74676356e+00  1.30328305e+00
-1.24600000e-02  1.74261940e+00  1.30328305e+00
-1.24400000e-02  1.73848507e+00  1.30328305e+00
-1.24200000e-02  1.73436056e+00  1.30328305e+00
-1.24000000e-02  1.73024582e+00  1.30328305e+00
-1.23800000e-02  1.72614085e+00  1.30328305e+00
-1.23600000e-02  1.72204562e+00  1.30328305e+00
-1.23400000e-02  1.71796011e+00  1.30328305e+00
-1.23200000e-02  1.71388428e+00  1.30328305e+00
-1.23000000e-02  1.70981813e+00  1.30328305e+00
-1.22800000e-02  1.70576163e+00  1.30328305e+00
-1.22600000e-02  1.70171474e+00  1.30328305e+00
-1.22400000e-02  1.69767746e+00  1.30328305e+00
-1.22200000e-02  1.69364976e+00  1.30328305e+00
-1.22000000e-02  1.68963161e+00  1.30328305e+00
-1.21800000e-02  1.68562300e+00  1.30328305e+00
-1.21600000e-02  1.68162389e+00  1.30328305e+00
-1.21400000e-02  1.67763428e+00  1.30328305e+00
-1.21200000e-02  1.67365413e+00  1.30328305e+00
-1.21000000e-02  1.66968342e+00  1.30328305e+00
-1.20800000e-02  1.66572213e+00  1.30328305e+00
-1.20600000e-02  1.66177024e+00  1.30328305e+00
-1.20400000e-02  1.65782773e+00  1.30328305e+00
-1.20200000e-02  1.65389457e+00  1.30328305e+00
-1.20000000e-02  1.64997074e+00  1.30328305e+00
-1.19800000e-02  1.64605622e+00  1.30328305e+00
-1.19600000e-02  1.64215099e+00  1.30328305e+00
-1.19400000e-02  1.63825502e+00  1.30328305e+00
-1.19200000e-02  1.63436830e+00  1.30328305e+00
-1.19000000e-02  1.63049080e+00  1.30328305e+00
-1.18800000e-02  1.62662249e+00  1.30328305e+00
-1.18600000e-02  1.62276337e+00  1.30328305e+00
-1.18400000e-02  1.61891339e+00  1.30328305e+00
-1.18200000e-02  1.61507256e+00  1.30328305e+00
-1.18000000e-02  1.61124083e+00  1.30328305e+00
-1.17800000e-02  1.60741820e+00  1.30328305e+00
-1.17600000e-02  1.60360464e+00  1.30328305e+00
-1.17400000e-02  1.59980012e+00  1.30328305e+00
-1.17200000e-02  1.59600463e+00  1.30328305e+00
-1.17000000e-02  1.59221814e+00  1.30328305e+00
-1.16800000e-02  1.58844064e+00  1.30328305e+00
-1.16600000e-02  1.58467210e+00  1.30328305e+00
-1.16400000e-02  1.58091250e+00  1.30328305e+00
-1.16200000e-02  1.57716182e+00  1.30328305e+00
-1.16000000e-02  1.57342004e+00  1.30328305e+00
-1.15800000e-02  1.56968713e+00  1.30328305e+00
-1.15600000e-02  1.56596308e+00  1.30328305e+00
-1.15400000e-02  1.56224787e+00  1.30328305e+00
-1.15200000e-02  1.55854147e+00  1.30328305e+00
-1.15000000e-02  1.55484387e+00  1.30328305e+00
-1.14800000e-02  1.55115503e+00  1.30328305e+00
-1.14600000e-02  1.54747495e+00  1.30328305e+00
-1.14400000e-02  1.54380360e+00  1.30328305e+00
-1.14200000e-02  1.54014096e+00  1.30328305e+00
-1.14000000e-02  1.53648701e+00  1.30328305e+00
-1.13800000e-02  1.53284173e+00  1.30328305e+00
-1.13600000e-02  1.52920509e+00  1.30328305e+00
-1.13400000e-02  1.52557709e+00  1.30328305e+00
-1.13200000e-02  1.52195769e+00  1.30328305e+00
-1.13000000e-02  1.51834688e+00  1.30328305e+00
-1.12800000e-02  1.51474463e+00  1.30328305e+00
-1.12600000e-02  1.51115094e+00  1.30328305e+00
-1.12400000e-02  1.50756576e+00  1.30328305e+00
-1.12200000e-02  1.50398910e+00  1.30328305e+00
-1.12000000e-02  1.50042092e+00  1.30328305e+00
-1.11800000e-02  1.49686120e+00  1.30328305e+00
-1.11600000e-02  1.49330993e+00  1.30328305e+00
-1.11400000e-02  1.48976708e+00  1.30328305e+00
-1.11200000e-02  1.48623264e+00  1.30328305e+00
-1.11000000e-02  1.48270659e+00  1.30328305e+00
-1.10800000e-02  1.47918890e+00  1.30328305e+00
-1.10600000e-02  1.47567956e+00  1.30328305e+00
-1.10400000e-02  1.47217854e+00  1.30328305e+00
-1.10200000e-02  1.46868583e+00  1.30328305e+00
-1.10000000e-02  1.46520140e+00  1.30328305e+00
-1.09800000e-02  1.46172525e+00  1.30328305e+00
-1.09600000e-02  1.45825733e+00  1.30328305e+00
-1.09400000e-02  1.45479765e+00  1.30328305e+00
-1.09200000e-02  1.45134617e+00  1.30328305e+00
-1.09000000e-02  1.44790289e+00  1.30328305e+00
-1.08800000e-02  1.44446777e+00  1.30328305e+00
-1.08600000e-02  1.44104080e+00  1.30328305e+00
-1.08400000e-02  1.43762196e+00  1.30328305e+00
-1.08200000e-02  1.43421124e+00  1.30328305e+00
-1.08000000e-02  1.43080860e+00  1.30328305e+00
-1.07800000e-02  1.42741404e+00  1.30328305e+00
-1.07600000e-02  1.42402753e+00  1.30328305e+00
-1.07400000e-02  1.42064906e+00  1.30328305e+00
-1.07200000e-02  1.41727860e+00  1.30328305e+00
-1.07000000e-02  1.41391614e+00  1.30328305e+00
-1.06800000e-02  1.41056165e+00  1.30328305e+00
-1.06600000e-02  1.40721512e+00  1.30328305e+00
-1.06400000e-02  1.40387654e+00  1.30328305e+00
-1.06200000e-02  1.40054587e+00  1.30328305e+00
-1.06000000e-02  1.39722311e+00  1.30328305e+00
-1.05800000e-02  1.39390823e+00  1.30328305e+00
-1.05600000e-02  1.39060121e+00  1.30328305e+00
-1.05400000e-02  1.38730204e+00  1.30328305e+00
-1.05200000e-02  1.38401069e+00  1.30328305e+00
-1.05000000e-02  1.38072716e+00  1.30328305e+00
-1.04800000e-02  1.37745141e+00  1.30328305e+00
-1.04600000e-02  1.37418344e+00  1.30328305e+00
-1.04400000e-02  1.37092322e+00  1.30328305e+00
-1.04200000e-02  1.36767073e+00  1.30328305e+00
-1.04000000e-02  1.36442597e+00  1.30328305e+00
-1.03800000e-02  1.36118890e+00  1.30328305e+00
-1.03600000e-02  1.35795950e+00  1.30328305e+00
-1.03400000e-02  1.35473777e+00  1.30328305e+00
-1.03200000e-02  1.35152369e+00  1.30328305e+00
-1.03000000e-02  1.34831723e+00  1.30328305e+00
-1.02800000e-02  1.34511838e+00  1.30328305e+00
-1.02600000e-02  1.34192711e+00  1.30328305e+00
-1.02400000e-02  1.33874342e+00  1.30328305e+00
-1.02200000e-02  1.33556728e+00  1.30328305e+00
-1.02000000e-02  1.33239868e+00  1.30328305e+00
-1.01800000e-02  1.32923759e+00  1.30328305e+00
-1.01600000e-02  1.32608400e+00  1.30328305e+00
-1.01400000e-02  1.32293790e+00  1.30328305e+00
-1.01200000e-02  1.31979926e+00  1.30328305e+00
-1.01000000e-02  1.31666806e+00  1.30328305e+00
-1.00800000e-02  1.31354429e+00  1.30328305e+00
-1.00600000e-02  1.31042794e+00  1.30328305e+00
-1.00400000e-02  1.30731898e+00  1.30328305e+00
-1.00200000e-02  1.30421739e+00  1.30328305e+00
-1.00000000e-02  1.30112316e+00  1.30328305e+00
-9.98000000e-03  1.92953136e+00  1.30328305e+00
-9.96000000e-03  1.92495359e+00  1.30328305e+00
-9.94000000e-03  1.92038668e+00  1.30328305e+00
-9.92000000e-03  1.91583061e+00  1.30328305e+00
-9.90000000e-03  1.91128534e+00  1.30328305e+00
-9.88000000e-03  1.90675086e+00  1.30328305e+00
-9.86000000e-03  1.90222713e+00  1.30328305e+00
-9.84000000e-03  1.89771414e+00  1.30328305e+00
-9.82000000e-03  1.89321185e+00  1.30328305e+00
-9.80000000e-03  1.88872025e+00  1.30328305e+00
-9.78000000e-03  1.88423930e+00  1.30328305e+00
-9.76000000e-03  1.87976899e+00  1.30328305e+00
-9.74000000e-03  1.87530928e+00  1.30328305e+00
-9.72000000e-03  1.87086015e+00  1.30328305e+00
-9.70000000e-03  1.86642157e+00  1.30328305e+00
-9.68000000e-03  1.86199353e+00  1.30328305e+00
-9.66000000e-03  1.85757599e+00  1.30328305e+00
-9.64000000e-03  1.85316893e+00  1.30328305e+00
-9.62000000e-03  1.84877233e+00  1.30328305e+00
-9.60000000e-03  1.84438615e+00  1.30328305e+00
-9.58000000e-03  1.84001039e+00  1.30328305e+00
-9.56000000e-03  1.83564500e+00  1.30328305e+00
-9.54000000e-03  1.83128998e+00  1.30328305e+00
-9.52000000e-03  1.82694528e+00  1.30328305e+00
-9.50000000e-03  1.82261089e+00  1.30328305e+00
-9.48000000e-03  1.81828679e+00  1.30328305e+00
-9.46000000e-03  1.81397294e+00  1.30328305e+00
-9.44000000e-03  1.80966933e+00  1.30328305e+00
-9.42000000e-03  1.80537593e+00  1.30328305e+00
-9.40000000e-03  1.80109272e+00  1.30328305e+00
-9.38000000e-03  1.79681966e+00  1.30328305e+00
-9.36000000e-03  1.79255675e+00  1.30328305e+00
-9.34000000e-03  1.78830395e+00  1.30328305e+00
-9.32000000e-03  1.78406123e+00  1.30328305e+00
-9.30000000e-03  1.77982859e+00  1.30328305e+00
-9.28000000e-03  1.77560598e+00  1.30328305e+00
-9.26000000e-03  1.77139340e+00  1.30328305e+00
-9.24000000e-03  1.76719081e+00  1.30328305e+00
-9.22000000e-03  1.76299818e+00  1.30328305e+00
-9.20000000e-03  1.75881551e+00  1.30328305e+00
-9.18000000e-03  1.75464276e+00  1.30328305e+00
-9.16000000e-03  1.75047991e+00  1.30328305e+00
-9.14000000e-03  1.74632693e+00  1.30328305e+00
-9.12000000e-03  1.74218381e+00  1.30328305e+00
-9.10000000e-03  1.73805052e+00  1.30328305e+00
-9.08000000e-03  1.73392703e+00  1.30328305e+00
-9.06000000e-03  1.72981332e+00  1.30328305e+00
-9.04000000e-03  1.72570938e+00  1.30328305e+00
-9.02000000e-03  1.72161517e+00  1.30328305e+00
-9.00000000e-03  1.71753068e+00  1.30328305e+00
-8.98000000e-03  1.71345587e+00  1.30328305e+00
-8.96000000e-03  1.70939074e+00  1.30328305e+00
-8.94000000e-03  1.70533525e+00  1.30328305e+00
-8.92000000e-03  1.70128938e+00  1.30328305e+00
-8.90000000e-03  1.69725310e+00  1.30328305e+00
-8.88000000e-03  1.69322641e+00  1.30328305e+00
-8.86000000e-03  1.68920926e+00  1.30328305e+00
-8.84000000e-03  1.68520165e+00  1.30328305e+00
-8.82000000e-03  1.68120355e+00  1.30328305e+00
-8.80000000e-03  1.67721493e+00  1.30328305e+00
-8.78000000e-03  1.67323577e+00  1.30328305e+00
-8.76000000e-03  1.66926606e+00  1.30328305e+00
-8.74000000e-03  1.66530576e+00  1.30328305e+00
-8.72000000e-03  1.66135486e+00  1.30328305e+00
-8.70000000e-03  1.65741333e+00  1.30328305e+00
-8.68000000e-03  1.65348116e+00  1.30328305e+00
-8.66000000e-03  1.64955831e+00  1.30328305e+00
-8.64000000e-03  1.64564477e+00  1.30328305e+00
-8.62000000e-03  1.64174051e+00  1.30328305e+00
-8.60000000e-03  1.63784552e+00  1.30328305e+00
-8.58000000e-03  1.63395976e+00  1.30328305e+00
-8.56000000e-03  1.63008323e+00  1.30328305e+00
-8.54000000e-03  1.62621589e+00  1.30328305e+00
-8.52000000e-03  1.62235773e+00  1.30328305e+00
-8.50000000e-03  1.61850872e+00  1.30328305e+00
-8.48000000e-03  1.61466885e+00  1.30328305e+00
-8.46000000e-03  1.61083808e+00  1.30328305e+00
-8.44000000e-03  1.60701640e+00  1.30328305e+00
-8.42000000e-03  1.60320379e+00  1.30328305e+00
-8.40000000e-03  1.59940023e+00  1.30328305e+00
-8.38000000e-03  1.59560568e+00  1.30328305e+00
-8.36000000e-03  1.59182014e+00  1.30328305e+00
-8.34000000e-03  1.58804359e+00  1.30328305e+00
-8.32000000e-03  1.58427599e+00  1.30328305e+00
-8.30000000e-03  1.58051733e+00  1.30328305e+00
-8.28000000e-03  1.57676758e+00  1.30328305e+00
-8.26000000e-03  1.57302674e+00  1.30328305e+00
-8.24000000e-03  1.56929477e+00  1.30328305e+00
-8.22000000e-03  1.56557165e+00  1.30328305e+00
-8.20000000e-03  1.56185736e+00  1.30328305e+00
-8.18000000e-03  1.55815189e+00  1.30328305e+00
-8.16000000e-03  1.55445521e+00  1.30328305e+00
-8.14000000e-03  1.55076730e+00  1.30328305e+00
-8.12000000e-03  1.54708814e+00  1.30328305e+00
-8.10000000e-03  1.54341770e+00  1.30328305e+00
-8.08000000e-03  1.53975598e+00  1.30328305e+00
-8.06000000e-03  1.53610294e+00  1.30328305e+00
-8.04000000e-03  1.53245857e+00  1.30328305e+00
-8.02000000e-03  1.52882285e+00  1.30328305e+00
-8.00000000e-03  1.52519575e+00  1.30328305e+00
-7.98000000e-03  1.52157726e+00  1.30328305e+00
-7.96000000e-03  1.51796735e+00  1.30328305e+00
-7.94000000e-03  1.51436600e+00  1.30328305e+00
-7.92000000e-03  1.51077320e+00  1.30328305e+00
-7.90000000e-03  1.50718893e+00  1.30328305e+00
-7.88000000e-03  1.50361315e+00  1.30328305e+00
-7.86000000e-03  1.50004586e+00  1.30328305e+00
-7.84000000e-03  1.49648704e+00  1.30328305e+00
-7.82000000e-03  1.49293665e+00  1.30328305e+00
-7.80000000e-03  1.48939470e+00  1.30328305e+00
-7.78000000e-03  1.48586114e+00  1.30328305e+00
-7.76000000e-03  1.48233597e+00  1.30328305e+00
-7.74000000e-03  1.47881916e+00  1.30328305e+00
-7.72000000e-03  1.47531069e+00  1.30328305e+00
-7.70000000e-03  1.47181055e+00  1.30328305e+00
-7.68000000e-03  1.46831871e+00  1.30328305e+00
-7.66000000e-03  1.46483516e+00  1.30328305e+00
-7.64000000e-03  1.46135987e+00  1.30328305e+00
-7.62000000e-03  1.45789282e+00  1.30328305e+00
-7.60000000e-03  1.45443400e+00  1.30328305e+00
-7.58000000e-03  1.45098339e+00  1.30328305e+00
-7.56000000e-03  1.44754096e+00  1.30328305e+00
-7.54000000e-03  1.44410670e+00  1.30328305e+00
-7.52000000e-03  1.44068059e+00  1.30328305e+00
-7.50000000e-03  1.43726261e+00  1.30328305e+00
-7.48000000e-03  1.43385274e+00  1.30328305e+00
-7.46000000e-03  1.43045095e+00  1.30328305e+00
-7.44000000e-03  1.42705724e+00  1.30328305e+00
-7.42000000e-03  1.42367158e+00  1.30328305e+00
-7.40000000e-03  1.42029395e+00  1.30328305e+00
-7.38000000e-03  1.41692433e+00  1.30328305e+00
-7.36000000e-03  1.41356271e+00  1.30328305e+00
-7.34000000e-03  1.41020906e+00  1.30328305e+00
-7.32000000e-03  1.40686337e+00  1.30328305e+00
-7.30000000e-03  1.40352562e+00  1.30328305e+00
-7.28000000e-03  1.40019578e+00  1.30328305e+00
-7.26000000e-03  1.39687385e+00  1.30328305e+00
-7.24000000e-03  1.39355980e+00  1.30328305e+00
-7.22000000e-03  1.39025361e+00  1.30328305e+00
-7.20000000e-03  1.38695526e+00  1.30328305e+00
-7.18000000e-03  1.38366474e+00  1.30328305e+00
-7.16000000e-03  1.38038203e+00  1.30328305e+00
-7.14000000e-03  1.37710710e+00  1.30328305e+00
-7.12000000e-03  1.37383994e+00  1.30328305e+00
-7.10000000e-03  1.37058054e+00  1.30328305e+00
-7.08000000e-03  1.36732887e+00  1.30328305e+00
-7.06000000e-03  1.36408491e+00  1.30328305e+00
-7.04000000e-03  1.36084865e+00  1.30328305e+00
-7.02000000e-03  1.35762006e+00  1.30328305e+00
-7.00000000e-03  1.35439914e+00  1.30328305e+00
-6.98000000e-03  1.35118586e+00  1.30328305e+00
-6.96000000e-03  1.34798020e+00  1.30328305e+00
-6.94000000e-03  1.34478214e+00  1.30328305e+00
-6.92000000e-03  1.34159168e+00  1.30328305e+00
-6.90000000e-03  1.33840878e+00  1.30328305e+00
-6.88000000e-03  1.33523344e+00  1.30328305e+00
-6.86000000e-03  1.33206562e+00  1.30328305e+00
-6.84000000e-03  1.32890533e+00  1.30328305e+00
-6.82000000e-03  1.32575253e+00  1.30328305e+00
-6.80000000e-03  1.32260721e+00  1.30328305e+00
-6.78000000e-03  1.31946935e+00  1.30328305e+00
-6.76000000e-03  1.31633894e+00  1.30328305e+00
-6.74000000e-03  1.31321595e+00  1.30328305e+00
-6.72000000e-03  1.31010038e+00  1.30328305e+00
-6.70000000e-03  1.30699219e+00  1.30328305e+00
-6.68000000e-03  1.30389138e+00  1.30328305e+00
-6.66000000e-03  1.93326876e+00  1.30328305e+00
-6.64000000e-03  1.92868212e+00  1.30328305e+00
-6.62000000e-03  1.92410637e+00  1.30328305e+00
-6.60000000e-03  1.91954147e+00  1.30328305e+00
-6.58000000e-03  1.91498740e+00  1.30328305e+00
-6.56000000e-03  1.91044413e+00  1.30328305e+00
-6.54000000e-03  1.90591164e+00  1.30328305e+00
-6.52000000e-03  1.90138991e+00  1.30328305e+00
-6.50000000e-03  1.89687890e+00  1.30328305e+00
-6.48000000e-03  1.89237860e+00  1.30328305e+00
-6.46000000e-03  1.88788897e+00  1.30328305e+00
-6.44000000e-03  1.88341000e+00  1.30328305e+00
-6.42000000e-03  1.87894165e+00  1.30328305e+00
-6.40000000e-03  1.87448390e+00  1.30328305e+00
-6.38000000e-03  1.87003673e+00  1.30328305e+00
-6.36000000e-03  1.86560011e+00  1.30328305e+00
-6.34000000e-03  1.86117401e+00  1.30328305e+00
-6.32000000e-03  1.85675842e+00  1.30328305e+00
-6.30000000e-03  1.85235330e+00  1.30328305e+00
-6.28000000e-03  1.84795863e+00  1.30328305e+00
-6.26000000e-03  1.84357439e+00  1.30328305e+00
-6.24000000e-03  1.83920055e+00  1.30328305e+00
-6.22000000e-03  1.83483709e+00  1.30328305e+00
-6.20000000e-03  1.83048397e+00  1.30328305e+00
-6.18000000e-03  1.82614119e+00  1.30328305e+00
-6.16000000e-03  1.82180871e+00  1.30328305e+00
-6.14000000e-03  1.81748651e+00  1.30328305e+00
-6.12000000e-03  1.81317456e+00  1.30328305e+00
-6.10000000e-03  1.80887285e+00  1.30328305e+00
-6.08000000e-03  1.80458134e+00  1.30328305e+00
-6.06000000e-03  1.80030001e+00  1.30328305e+00
-6.04000000e-03  1.79602883e+00  1.30328305e+00
-6.02000000e-03  1.79176779e+00  1.30328305e+00
-6.00000000e-03  1.78751686e+00  1.30328305e+00
-5.98000000e-03  1.78327602e+00  1.30328305e+00
-5.96000000e-03  1.77904524e+00  1.30328305e+00
-5.94000000e-03  1.77482449e+00  1.30328305e+00
-5.92000000e-03  1.77061376e+00  1.30328305e+00
-5.90000000e-03  1.76641302e+00  1.30328305e+00
-5.88000000e-03  1.76222224e+00  1.30328305e+00
-5.86000000e-03  1.75804141e+00  1.30328305e+00
-5.84000000e-03  1.75387049e+00  1.30328305e+00
-5.82000000e-03  1.74970947e+00  1.30328305e+00
-5.80000000e-03  1.74555832e+00  1.30328305e+00
-5.78000000e-03  1.74141702e+00  1.30328305e+00
-5.76000000e-03  1.73728555e+00  1.30328305e+00
-5.74000000e-03  1.73316388e+00  1.30328305e+00
-5.72000000e-03  1.72905199e+00  1.30328305e+00
-5.70000000e-03  1.72494985e+00  1.30328305e+00
-5.68000000e-03  1.72085744e+00  1.30328305e+00
-5.66000000e-03  1.71677475e+00  1.30328305e+00
-5.64000000e-03  1.71270173e+00  1.30328305e+00
-5.62000000e-03  1.70863839e+00  1.30328305e+00
-5.60000000e-03  1.70458468e+00  1.30328305e+00
-5.58000000e-03  1.70054059e+00  1.30328305e+00
-5.56000000e-03  1.69650609e+00  1.30328305e+00
-5.54000000e-03  1.69248117e+00  1.30328305e+00
-5.52000000e-03  1.68846580e+00  1.30328305e+00
-5.50000000e-03  1.68445995e+00  1.30328305e+00
-5.48000000e-03  1.68046360e+00  1.30328305e+00
-5.46000000e-03  1.67647674e+00  1.30328305e+00
-5.44000000e-03  1.67249934e+00  1.30328305e+00
-5.42000000e-03  1.66853137e+00  1.30328305e+00
-5.40000000e-03  1.66457281e+00  1.30328305e+00
-5.38000000e-03  1.66062365e+00  1.30328305e+00
-5.36000000e-03  1.65668386e+00  1.30328305e+00
-5.34000000e-03  1.65275341e+00  1.30328305e+00
-5.32000000e-03  1.64883229e+00  1.30328305e+00
-5.30000000e-03  1.64492047e+00  1.30328305e+00
-5.28000000e-03  1.64101793e+00  1.30328305e+00
-5.26000000e-03  1.63712466e+00  1.30328305e+00
-5.24000000e-03  1.63324061e+00  1.30328305e+00
-5.22000000e-03  1.62936579e+00  1.30328305e+00
-5.20000000e-03  1.62550015e+00  1.30328305e+00
-5.18000000e-03  1.62164369e+00  1.30328305e+00
-5.16000000e-03  1.61779637e+00  1.30328305e+00
-5.14000000e-03  1.61395819e+00  1.30328305e+00
-5.12000000e-03  1.61012911e+00  1.30328305e+00
-5.10000000e-03  1.60630911e+00  1.30328305e+00
-5.08000000e-03  1.60249818e+00  1.30328305e+00
-5.06000000e-03  1.59869628e+00  1.30328305e+00
-5.04000000e-03  1.59490341e+00  1.30328305e+00
-5.02000000e-03  1.59111954e+00  1.30328305e+00
-5.00000000e-03  1.58734464e+00  1.30328305e+00
-4.98000000e-03  1.58357870e+00  1.30328305e+00
-4.96000000e-03  1.57982170e+00  1.30328305e+00
-4.94000000e-03  1.57607360e+00  1.30328305e+00
-4.92000000e-03  1.57233440e+00  1.30328305e+00
-4.90000000e-03  1.56860408e+00  1.30328305e+00
-4.88000000e-03  1.56488260e+00  1.30328305e+00
-4.86000000e-03  1.56116995e+00  1.30328305e+00
-4.84000000e-03  1.55746611e+00  1.30328305e+00
-4.82000000e-03  1.55377105e+00  1.30328305e+00
-4.80000000e-03  1.55008476e+00  1.30328305e+00
-4.78000000e-03  1.54640722e+00  1.30328305e+00
-4.76000000e-03  1.54273840e+00  1.30328305e+00
-4.74000000e-03  1.53907829e+00  1.30328305e+00
-4.72000000e-03  1.53542686e+00  1.30328305e+00
-4.70000000e-03  1.53178409e+00  1.30328305e+00
-4.68000000e-03  1.52814997e+00  1.30328305e+00
-4.66000000e-03  1.52452447e+00  1.30328305e+00
-4.64000000e-03  1.52090757e+00  1.30328305e+00
-4.62000000e-03  1.51729925e+00  1.30328305e+00
-4.60000000e-03  1.51369949e+00  1.30328305e+00
-4.58000000e-03  1.51010827e+00  1.30328305e+00
-4.56000000e-03  1.50652557e+00  1.30328305e+00
-4.54000000e-03  1.50295137e+00  1.30328305e+00
-4.52000000e-03  1.49938565e+00  1.30328305e+00
-4.50000000e-03  1.49582839e+00  1.30328305e+00
-4.48000000e-03  1.49227957e+00  1.30328305e+00
-4.46000000e-03  1.48873917e+00  1.30328305e+00
-4.44000000e-03  1.48520717e+00  1.30328305e+00
-4.42000000e-03  1.48168355e+00  1.30328305e+00
-4.40000000e-03  1.47816829e+00  1.30328305e+00
-4.38000000e-03  1.47466136e+00  1.30328305e+00
-4.36000000e-03  1.47116276e+00  1.30328305e+00
-4.34000000e-03  1.46767246e+00  1.30328305e+00
-4.32000000e-03  1.46419044e+00  1.30328305e+00
-4.30000000e-03  1.46071668e+00  1.30328305e+00
-4.28000000e-03  1.45725116e+00  1.30328305e+00
-4.26000000e-03  1.45379387e+00  1.30328305e+00
-4.24000000e-03  1.45034477e+00  1.30328305e+00
-4.22000000e-03  1.44690386e+00  1.30328305e+00
-4.20000000e-03  1.44347111e+00  1.30328305e+00
-4.18000000e-03  1.44004651e+00  1.30328305e+00
-4.16000000e-03  1.43663003e+00  1.30328305e+00
-4.14000000e-03  1.43322166e+00  1.30328305e+00
-4.12000000e-03  1.42982137e+00  1.30328305e+00
-4.10000000e-03  1.42642915e+00  1.30328305e+00
-4.08000000e-03  1.42304498e+00  1.30328305e+00
-4.06000000e-03  1.41966883e+00  1.30328305e+00
-4.04000000e-03  1.41630070e+00  1.30328305e+00
-4.02000000e-03  1.41294056e+00  1.30328305e+00
-4.00000000e-03  1.40958839e+00  1.30328305e+00
-3.98000000e-03  1.40624417e+00  1.30328305e+00
-3.96000000e-03  1.40290789e+00  1.30328305e+00
-3.94000000e-03  1.39957952e+00  1.30328305e+00
-3.92000000e-03  1.39625905e+00  1.30328305e+00
-3.90000000e-03  1.39294645e+00  1.30328305e+00
-3.88000000e-03  1.38964172e+00  1.30328305e+00
-3.86000000e-03  1.38634482e+00  1.30328305e+00
-3.84000000e-03  1.38305575e+00  1.30328305e+00
-3.82000000e-03  1.37977448e+00  1.30328305e+00
-3.80000000e-03  1.37650100e+00  1.30328305e+00
-3.78000000e-03  1.37323528e+00  1.30328305e+00
-3.76000000e-03  1.36997731e+00  1.30328305e+00
-3.74000000e-03  1.36672707e+00  1.30328305e+00
-3.72000000e-03  1.36348454e+00  1.30328305e+00
-3.70000000e-03  1.36024970e+00  1.30328305e+00
-3.68000000e-03  1.35702254e+00  1.30328305e+00
-3.66000000e-03  1.35380303e+00  1.30328305e+00
-3.64000000e-03  1.35059116e+00  1.30328305e+00
-3.62000000e-03  1.34738691e+00  1.30328305e+00
-3.60000000e-03  1.34419027e+00  1.30328305e+00
-3.58000000e-03  1.34100121e+00  1.30328305e+00
-3.56000000e-03  1.33781971e+00  1.30328305e+00
-3.54000000e-03  1.33464576e+00  1.30328305e+00
-3.52000000e-03  1.33147934e+00  1.30328305e+00
-3.50000000e-03  1.32832044e+00  1.30328305e+00
-3.48000000e-03  1.32516903e+00  1.30328305e+00
-3.46000000e-03  1.32202509e+00  1.30328305e+00
-3.44000000e-03  1.31888862e+00  1.30328305e+00
-3.42000000e-03  1.31575958e+00  1.30328305e+00
-3.40000000e-03  1.31263797e+00  1.30328305e+00
-3.38000000e-03  1.30952377e+00  1.30328305e+00
-3.36000000e-03  1.30641695e+00  1.30328305e+00
-3.34000000e-03  1.30331750e+00  1.30328305e+00
-3.32000000e-03  1.93217065e+00  1.30328305e+00
-3.30000000e-03  1.92758662e+00  1.30328305e+00
-3.28000000e-03  1.92301346e+00  1.30328305e+00
-3.26000000e-03  1.91845116e+00  1.30328305e+00
-3.24000000e-03  1.91389967e+00  1.30328305e+00
-3.22000000e-03  1.90935899e+00  1.30328305e+00
-3.20000000e-03  1.90482908e+00  1.30328305e+00
-3.18000000e-03  1.90030991e+00  1.30328305e+00
-3.16000000e-03  1.89580147e+00  1.30328305e+00
-3.14000000e-03  1.89130372e+00  1.30328305e+00
-3.12000000e-03  1.88681664e+00  1.30328305e+00
-3.10000000e-03  1.88234021e+00  1.30328305e+00
-3.08000000e-03  1.87787440e+00  1.30328305e+00
-3.06000000e-03  1.87341918e+00  1.30328305e+00
-3.04000000e-03  1.86897454e+00  1.30328305e+00
-3.02000000e-03  1.86454044e+00  1.30328305e+00
-3.00000000e-03  1.86011686e+00  1.30328305e+00
-2.98000000e-03  1.85570377e+00  1.30328305e+00
-2.96000000e-03  1.85130115e+00  1.30328305e+00
-2.94000000e-03  1.84690898e+00  1.30328305e+00
-2.92000000e-03  1.84252723e+00  1.30328305e+00
-2.90000000e-03  1.83815587e+00  1.30328305e+00
-2.88000000e-03  1.83379489e+00  1.30328305e+00
-2.86000000e-03  1.82944425e+00  1.30328305e+00
-2.84000000e-03  1.82510393e+00  1.30328305e+00
-2.82000000e-03  1.82077392e+00  1.30328305e+00
-2.80000000e-03  1.81645417e+00  1.30328305e+00
-2.78000000e-03  1.81214467e+00  1.30328305e+00
-2.76000000e-03  1.80784540e+00  1.30328305e+00
-2.74000000e-03  1.80355632e+00  1.30328305e+00
-2.72000000e-03  1.79927743e+00  1.30328305e+00
-2.70000000e-03  1.79500868e+00  1.30328305e+00
-2.68000000e-03  1.79075006e+00  1.30328305e+00
-2.66000000e-03  1.78650155e+00  1.30328305e+00
-2.64000000e-03  1.78226311e+00  1.30328305e+00
-2.62000000e-03  1.77803473e+00  1.30328305e+00
-2.60000000e-03  1.77381638e+00  1.30328305e+00
-2.58000000e-03  1.76960804e+00  1.30328305e+00
-2.56000000e-03  1.76540968e+00  1.30328305e+00
-2.54000000e-03  1.76122129e+00  1.30328305e+00
-2.52000000e-03  1.75704283e+00  1.30328305e+00
-2.50000000e-03  1.75287428e+00  1.30328305e+00
-2.48000000e-03  1.74871563e+00  1.30328305e+00
-2.46000000e-03  1.74456684e+00  1.30328305e+00
-2.44000000e-03  1.74042789e+00  1.30328305e+00
-2.42000000e-03  1.73629876e+00  1.30328305e+00
-2.40000000e-03  1.73217943e+00  1.30328305e+00
-2.38000000e-03  1.72806988e+00  1.30328305e+00
-2.36000000e-03  1.72397007e+00  1.30328305e+00
-2.34000000e-03  1.71987999e+00  1.30328305e+00
-2.32000000e-03  1.71579961e+00  1.30328305e+00
-2.30000000e-03  1.71172891e+00  1.30328305e+00
-2.28000000e-03  1.70766787e+00  1.30328305e+00
-2.26000000e-03  1.70361647e+00  1.30328305e+00
-2.24000000e-03  1.69957467e+00  1.30328305e+00
-2.22000000e-03  1.69554247e+00  1.30328305e+00
-2.20000000e-03  1.69151983e+00  1.30328305e+00
-2.18000000e-03  1.68750674e+00  1.30328305e+00
-2.16000000e-03  1.68350317e+00  1.30328305e+00
-2.14000000e-03  1.67950909e+00  1.30328305e+00
-2.12000000e-03  1.67552449e+00  1.30328305e+00
-2.10000000e-03  1.67154935e+00  1.30328305e+00
-2.08000000e-03  1.66758363e+00  1.30328305e+00
-2.06000000e-03  1.66362733e+00  1.30328305e+00
-2.04000000e-03  1.65968041e+00  1.30328305e+00
-2.02000000e-03  1.65574285e+00  1.30328305e+00
-2.00000000e-03  1.65181464e+00  1.30328305e+00
-1.98000000e-03  1.64789575e+00  1.30328305e+00
-1.96000000e-03  1.64398615e+00  1.30328305e+00
-1.94000000e-03  1.64008583e+00  1.30328305e+00
-1.92000000e-03  1.63619476e+00  1.30328305e+00
-1.90000000e-03  1.63231292e+00  1.30328305e+00
-1.88000000e-03  1.62844030e+00  1.30328305e+00
-1.86000000e-03  1.62457686e+00  1.30328305e+00
-1.84000000e-03  1.62072259e+00  1.30328305e+00
-1.82000000e-03  1.61687746e+00  1.30328305e+00
-1.80000000e-03  1.61304145e+00  1.30328305e+00
-1.78000000e-03  1.60921454e+00  1.30328305e+00
-1.76000000e-03  1.60539672e+00  1.30328305e+00
-1.74000000e-03  1.60158795e+00  1.30328305e+00
-1.72000000e-03  1.59778822e+00  1.30328305e+00
-1.70000000e-03  1.59399750e+00  1.30328305e+00
-1.68000000e-03  1.59021578e+00  1.30328305e+00
-1.66000000e-03  1.58644302e+00  1.30328305e+00
-1.64000000e-03  1.58267922e+00  1.30328305e+00
-1.62000000e-03  1.57892435e+00  1.30328305e+00
-1.60000000e-03  1.57517839e+00  1.30328305e+00
-1.58000000e-03  1.57144131e+00  1.30328305e+00
-1.56000000e-03  1.56771310e+00  1.30328305e+00
-1.54000000e-03  1.56399374e+00  1.30328305e+00
-1.52000000e-03  1.56028319e+00  1.30328305e+00
-1.50000000e-03  1.55658146e+00  1.30328305e+00
-1.48000000e-03  1.55288850e+00  1.30328305e+00
-1.46000000e-03  1.54920431e+00  1.30328305e+00
-1.44000000e-03  1.54552885e+00  1.30328305e+00
-1.42000000e-03  1.54186212e+00  1.30328305e+00
-1.40000000e-03  1.53820409e+00  1.30328305e+00
-1.38000000e-03  1.53455473e+00  1.30328305e+00
-1.36000000e-03  1.53091403e+00  1.30328305e+00
-1.34000000e-03  1.52728197e+00  1.30328305e+00
-1.32000000e-03  1.52365853e+00  1.30328305e+00
-1.30000000e-03  1.52004368e+00  1.30328305e+00
-1.28000000e-03  1.51643741e+00  1.30328305e+00
-1.26000000e-03  1.51283970e+00  1.30328305e+00
-1.24000000e-03  1.50925052e+00  1.30328305e+00
-1.22000000e-03  1.50566986e+00  1.30328305e+00
-1.20000000e-03  1.50209769e+00  1.30328305e+00
-1.18000000e-03  1.49853399e+00  1.30328305e+00
-1.16000000e-03  1.49497875e+00  1.30328305e+00
-1.14000000e-03  1.49143195e+00  1.30328305e+00
-1.12000000e-03  1.48789356e+00  1.30328305e+00
-1.10000000e-03  1.48436356e+00  1.30328305e+00
-1.08000000e-03  1.48084194e+00  1.30328305e+00
-1.06000000e-03  1.47732868e+00  1.30328305e+00
-1.04000000e-03  1.47382375e+00  1.30328305e+00
-1.02000000e-03  1.47032714e+00  1.30328305e+00
-1.00000000e-03  1.46683882e+00  1.30328305e+00
-9.80000000e-04  1.46335877e+00  1.30328305e+00
-9.60000000e-04  1.45988699e+00  1.30328305e+00
-9.40000000e-04  1.45642344e+00  1.30328305e+00
-9.20000000e-04  1.45296810e+00  1.30328305e+00
-9.00000000e-04  1.44952097e+00  1.30328305e+00
-8.80000000e-04  1.44608201e+00  1.30328305e+00
-8.60000000e-04  1.44265121e+00  1.30328305e+00
-8.40000000e-04  1.43922856e+00  1.30328305e+00
-8.20000000e-04  1.43581402e+00  1.30328305e+00
-8.00000000e-04  1.43240758e+00  1.30328305e+00
-7.80000000e-04  1.42900922e+00  1.30328305e+00
-7.60000000e-04  1.42561893e+00  1.30328305e+00
-7.40000000e-04  1.42223668e+00  1.30328305e+00
-7.20000000e-04  1.41886246e+00  1.30328305e+00
-7.00000000e-04  1.41549624e+00  1.30328305e+00
-6.80000000e-04  1.41213800e+00  1.30328305e+00
-6.60000000e-04  1.40878774e+00  1.30328305e+00
-6.40000000e-04  1.40544542e+00  1.30328305e+00
-6.20000000e-04  1.40211103e+00  1.30328305e+00
-6.00000000e-04  1.39878455e+00  1.30328305e+00
-5.80000000e-04  1.39546597e+00  1.30328305e+00
-5.60000000e-04  1.39215525e+00  1.30328305e+00
-5.40000000e-04  1.38885239e+00  1.30328305e+00
-5.20000000e-04  1.38555737e+00  1.30328305e+00
-5.00000000e-04  1.38227017e+00  1.30328305e+00
-4.80000000e-04  1.37899076e+00  1.30328305e+00
-4.60000000e-04  1.37571914e+00  1.30328305e+00
-4.40000000e-04  1.37245527e+00  1.30328305e+00
-4.20000000e-04  1.36919915e+00  1.30328305e+00
-4.00000000e-04  1.36595076e+00  1.30328305e+00
-3.80000000e-04  1.36271007e+00  1.30328305e+00
-3.60000000e-04  1.35947707e+00  1.30328305e+00
-3.40000000e-04  1.35625174e+00  1.30328305e+00
-3.20000000e-04  1.35303406e+00  1.30328305e+00
-3.00000000e-04  1.34982402e+00  1.30328305e+00
-2.80000000e-04  1.34662159e+00  1.30328305e+00
-2.60000000e-04  1.34342676e+00  1.30328305e+00
-2.40000000e-04  1.34023951e+00  1.30328305e+00
-2.20000000e-04  1.33705982e+00  1.30328305e+00
-2.00000000e-04  1.33388768e+00  1.30328305e+00
-1.80000000e-04  1.33072306e+00  1.30328305e+00
-1.60000000e-04  1.32756595e+00  1.30328305e+00
-1.40000000e-04  1.32441632e+00  1.30328305e+00
-1.20000000e-04  1.32127418e+00  1.30328305e+00
-1.00000000e-04  1.31813948e+00  1.30328305e+00
-8.00000000e-05  1.31501222e+00  1.30328305e+00
-6.00000000e-05  1.31189239e+00  1.30328305e+00
-4.00000000e-05  1.30877995e+00  1.30328305e+00
-2.00000000e-05  1.30567490e+00  1.30328305e+00
 0.00000000e+00  1.30257721e+00  1.30328305e+00
 2.00000000e-05  1.93090697e+00  1.30328305e+00
 4.00000000e-05  1.92632593e+00  1.30328305e+00
 6.00000000e-05  1.92175577e+00  1.30328305e+00
 8.00000000e-05  1.91719644e+00  1.30328305e+00
 1.00000000e-04  1.91264794e+00  1.30328305e+00
 1.20000000e-04  1.90811022e+00  1.30328305e+00
 1.40000000e-04  1.90358327e+00  1.30328305e+00
 1.60000000e-04  1.89906706e+00  1.30328305e+00
 1.80000000e-04  1.89456157e+00  1.30328305e+00
 2.00000000e-04  1.89006676e+00  1.30328305e+00
 2.20000000e-04  1.88558262e+00  1.30328305e+00
 2.40000000e-04  1.88110912e+00  1.30328305e+00
 2.60000000e-04  1.87664622e+00  1.30328305e+00
 2.80000000e-04  1.87219392e+00  1.30328305e+00
 3.00000000e-04  1.86775218e+00  1.30328305e+00
 3.20000000e-04  1.86332098e+00  1.30328305e+00
 3.40000000e-04  1.85890029e+00  1.30328305e+00
 3.60000000e-04  1.85449009e+00  1.30328305e+00
 3.80000000e-04  1.85009036e+00  1.30328305e+00
 4.00000000e-04  1.84570106e+00  1.30328305e+00
 4.20000000e-04  1.84132217e+00  1.30328305e+00
 4.40000000e-04  1.83695368e+00  1.30328305e+00
 4.60000000e-04  1.83259554e+00  1.30328305e+00
 4.80000000e-04  1.82824775e+00  1.30328305e+00
 5.00000000e-04  1.82391027e+00  1.30328305e+00
 5.20000000e-04  1.81958309e+00  1.30328305e+00
 5.40000000e-04  1.81526616e+00  1.30328305e+00
 5.60000000e-04  1.81095949e+00  1.30328305e+00
 5.80000000e-04  1.80666302e+00  1.30328305e+00
 6.00000000e-04  1.80237675e+00  1.30328305e+00
 6.20000000e-04  1.79810066e+00  1.30328305e+00
 6.40000000e-04  1.79383470e+00  1.30328305e+00
 6.60000000e-04  1.78957887e+00  1.30328305e+00
 6.80000000e-04  1.78533313e+00  1.30328305e+00
 7.00000000e-04  1.78109747e+00  1.30328305e+00
 7.20000000e-04  1.77687185e+00  1.30328305e+00
 7.40000000e-04  1.77265626e+00  1.30328305e+00
 7.60000000e-04  1.76845067e+00  1.30328305e+00
 7.80000000e-04  1.76425506e+00  1.30328305e+00
 8.00000000e-04  1.76006941e+00  1.30328305e+00
 8.20000000e-04  1.75589368e+00  1.30328305e+00
 8.40000000e-04  1.75172786e+00  1.30328305e+00
 8.60000000e-04  1.74757193e+00  1.30328305e+00
 8.80000000e-04  1.74342585e+00  1.30328305e+00
 9.00000000e-04  1.73928961e+00  1.30328305e+00
 9.20000000e-04  1.73516318e+00  1.30328305e+00
 9.40000000e-04  1.73104655e+00  1.30328305e+00
 9.60000000e-04  1.72693968e+00  1.30328305e+00
 9.80000000e-04  1.72284255e+00  1.30328305e+00
 1.00000000e-03  1.71875514e+00  1.30328305e+00
 1.02000000e-03  1.71467743e+00  1.30328305e+00
 1.04000000e-03  1.71060940e+00  1.30328305e+00
 1.06000000e-03  1.70655102e+00  1.30328305e+00
 1.08000000e-03  1.70250226e+00  1.30328305e+00
 1.10000000e-03  1.69846311e+00  1.30328305e+00
 1.12000000e-03  1.69443355e+00  1.30328305e+00
 1.14000000e-03  1.69041354e+00  1.30328305e+00
 1.16000000e-03  1.68640307e+00  1.30328305e+00
 1.18000000e-03  1.68240212e+00  1.30328305e+00
 1.20000000e-03  1.67841065e+00  1.30328305e+00
 1.22000000e-03  1.67442866e+00  1.30328305e+00
 1.24000000e-03  1.67045612e+00  1.30328305e+00
 1.26000000e-03  1.66649299e+00  1.30328305e+00
 1.28000000e-03  1.66253928e+00  1.30328305e+00
 1.30000000e-03  1.65859494e+00  1.30328305e+00
 1.32000000e-03  1.65465996e+00  1.30328305e+00
 1.34000000e-03  1.65073431e+00  1.30328305e+00
 1.36000000e-03  1.64681798e+00  1.30328305e+00
 1.38000000e-03  1.64291094e+00  1.30328305e+00
 1.40000000e-03  1.63901317e+00  1.30328305e+00
 1.42000000e-03  1.63512465e+00  1.30328305e+00
 1.44000000e-03  1.63124535e+00  1.30328305e+00
 1.46000000e-03  1.62737526e+00  1.30328305e+00
 1.48000000e-03  1.62351435e+00  1.30328305e+00
 1.50000000e-03  1.61966259e+00  1.30328305e+00
 1.52000000e-03  1.61581998e+00  1.30328305e+00
 1.54000000e-03  1.61198648e+00  1.30328305e+00
 1.56000000e-03  1.60816208e+00  1.30328305e+00
 1.58000000e-03  1.60434675e+00  1.30328305e+00
 1.60000000e-03  1.60054047e+00  1.30328305e+00
 1.62000000e-03  1.59674323e+00  1.30328305e+00
 1.64000000e-03  1.59295499e+00  1.30328305e+00
 1.66000000e-03  1.58917574e+00  1.30328305e+00
 1.68000000e-03  1.58540545e+00  1.30328305e+00
 1.70000000e-03  1.58164411e+00  1.30328305e+00
 1.72000000e-03  1.57789170e+00  1.30328305e+00
 1.74000000e-03  1.57414818e+00  1.30328305e+00
 1.76000000e-03  1.57041355e+00  1.30328305e+00
 1.78000000e-03  1.56668778e+00  1.30328305e+00
 1.80000000e-03  1.56297085e+00  1.30328305e+00
 1.82000000e-03  1.55926273e+00  1.30328305e+00
 1.84000000e-03  1.55556341e+00  1.30328305e+00
 1.86000000e-03  1.55187287e+00  1.30328305e+00
 1.88000000e-03  1.54819109e+00  1.30328305e+00
 1.90000000e-03  1.54451804e+00  1.30328305e+00
 1.92000000e-03  1.54085371e+00  1.30328305e+00
 1.94000000e-03  1.53719806e+00  1.30328305e+00
 1.96000000e-03  1.53355110e+00  1.30328305e+00
 1.98000000e-03  1.52991278e+00  1.30328305e+00
 2.00000000e-03  1.52628309e+00  1.30328305e+00
 2.02000000e-03  1.52266202e+00  1.30328305e+00
 2.04000000e-03  1.51904954e+00  1.30328305e+00
 2.06000000e-03  1.51544563e+00  1.30328305e+00
 2.08000000e-03  1.51185027e+00  1.30328305e+00
 2.10000000e-03  1.50826343e+00  1.30328305e+00
 2.12000000e-03  1.50468511e+00  1.30328305e+00
 2.14000000e-03  1.50111528e+00  1.30328305e+00
 2.16000000e-03  1.49755392e+00  1.30328305e+00
 2.18000000e-03  1.49400100e+00  1.30328305e+00
 2.20000000e-03  1.49045652e+00  1.30328305e+00
 2.22000000e-03  1.48692044e+00  1.30328305e+00
 2.24000000e-03  1.48339276e+00  1.30328305e+00
 2.26000000e-03  1.47987344e+00  1.30328305e+00
 2.28000000e-03  1.47636247e+00  1.30328305e+00
 2.30000000e-03  1.47285983e+00  1.30328305e+00
 2.32000000e-03  1.46936551e+00  1.30328305e+00
 2.34000000e-03  1.46587947e+00  1.30328305e+00
 2.36000000e-03  1.46240170e+00  1.30328305e+00
 2.38000000e-03  1.45893219e+00  1.30328305e+00
 2.40000000e-03  1.45547090e+00  1.30328305e+00
 2.42000000e-03  1.45201783e+00  1.30328305e+00
 2.44000000e-03  1.44857295e+00  1.30328305e+00
 2.46000000e-03  1.44513624e+00  1.30328305e+00
 2.48000000e-03  1.44170769e+00  1.30328305e+00
 2.50000000e-03  1.43828727e+00  1.30328305e+00
 2.52000000e-03  1.43487496e+00  1.30328305e+00
 2.54000000e-03  1.43147075e+00  1.30328305e+00
 2.56000000e-03  1.42807462e+00  1.30328305e+00
 2.58000000e-03  1.42468654e+00  1.30328305e+00
 2.60000000e-03  1.42130650e+00  1.30328305e+00
 2.62000000e-03  1.41793449e+00  1.30328305e+00
 2.64000000e-03  1.41457047e+00  1.30328305e+00
 2.66000000e-03  1.41121443e+00  1.30328305e+00
 2.68000000e-03  1.40786635e+00  1.30328305e+00
 2.70000000e-03  1.40452622e+00  1.30328305e+00
 2.72000000e-03  1.40119401e+00  1.30328305e+00
 2.74000000e-03  1.39786971e+00  1.30328305e+00
 2.76000000e-03  1.39455330e+00  1.30328305e+00
 2.78000000e-03  1.39124475e+00  1.30328305e+00
 2.80000000e-03  1.38794405e+00  1.30328305e+00
 2.82000000e-03  1.38465119e+00  1.30328305e+00
 2.84000000e-03  1.38136613e+00  1.30328305e+00
 2.86000000e-03  1.37808887e+00  1.30328305e+00
 2.88000000e-03  1.37481938e+00  1.30328305e+00
 2.90000000e-03  1.37155765e+00  1.30328305e+00
 2.92000000e-03  1.36830366e+00  1.30328305e+00
 2.94000000e-03  1.36505739e+00  1.30328305e+00
 2.96000000e-03  1.36181883e+00  1.30328305e+00
 2.98000000e-03  1.35858794e+00  1.30328305e+00
 3.00000000e-03  1.35536472e+00  1.30328305e+00
 3.02000000e-03  1.35214915e+00  1.30328305e+00
 3.04000000e-03  1.34894120e+00  1.30328305e+00
 3.06000000e-03  1.34574087e+00  1.30328305e+00
 3.08000000e-03  1.34254813e+00  1.30328305e+00
 3.10000000e-03  1.33936296e+00  1.30328305e+00
 3.12000000e-03  1.33618535e+00  1.30328305e+00
 3.14000000e-03  1.33301528e+00  1.30328305e+00
 3.16000000e-03  1.32985273e+00  1.30328305e+00
 3.18000000e-03  1.32669769e+00  1.30328305e+00
 3.20000000e-03  1.32355012e+00  1.30328305e+00
 3.22000000e-03  1.32041003e+00  1.30328305e+00
 3.24000000e-03  1.31727739e+00  1.30328305e+00
 3.26000000e-03  1.31415218e+00  1.30328305e+00
 3.28000000e-03  1.31103438e+00  1.30328305e+00
 3.30000000e-03  1.30792398e+00  1.30328305e+00
 3.32000000e-03  1.30482096e+00  1.30328305e+00
 3.34000000e-03  1.93412102e+00  1.30328305e+00
 3.36000000e-03  1.92953236e+00  1.30328305e+00
 3.38000000e-03  1.92495458e+00  1.30328305e+00
 3.40000000e-03  1.92038767e+00  1.30328305e+00
 3.42000000e-03  1.91583159e+00  1.30328305e+00
 3.44000000e-03  1.91128632e+00  1.30328305e+00
 3.46000000e-03  1.90675184e+00  1.30328305e+00
 3.48000000e-03  1.90222811e+00  1.30328305e+00
 3.50000000e-03  1.89771512e+00  1.30328305e+00
 3.52000000e-03  1.89321283e+00  1.30328305e+00
 3.54000000e-03  1.88872122e+00  1.30328305e+00
 3.56000000e-03  1.88424027e+00  1.30328305e+00
 3.58000000e-03  1.87976995e+00  1.30328305e+00
 3.60000000e-03  1.87531024e+00  1.30328305e+00
 3.62000000e-03  1.87086111e+00  1.30328305e+00
 3.64000000e-03  1.86642253e+00  1.30328305e+00
 3.66000000e-03  1.86199449e+00  1.30328305e+00
 3.68000000e-03  1.85757694e+00  1.30328305e+00
 3.70000000e-03  1.85316988e+00  1.30328305e+00
 3.72000000e-03  1.84877328e+00  1.30328305e+00
 3.74000000e-03  1.84438710e+00  1.30328305e+00
 3.76000000e-03  1.84001134e+00  1.30328305e+00
 3.78000000e-03  1.83564595e+00  1.30328305e+00
 3.80000000e-03  1.83129092e+00  1.30328305e+00
 3.82000000e-03  1.82694622e+00  1.30328305e+00
 3.84000000e-03  1.82261183e+00  1.30328305e+00
 3.86000000e-03  1.81828773e+00  1.30328305e+00
 3.88000000e-03  1.81397388e+00  1.30328305e+00
 3.90000000e-03  1.80967026e+00  1.30328305e+00
 3.92000000e-03  1.80537686e+00  1.30328305e+00
 3.94000000e-03  1.80109364e+00  1.30328305e+00
 3.96000000e-03  1.79682059e+00  1.30328305e+00
 3.98000000e-03  1.79255767e+00  1.30328305e+00
 4.00000000e-03  1.78830487e+00  1.30328305e+00
 4.02000000e-03  1.78406215e+00  1.30328305e+00
 4.04000000e-03  1.77982950e+00  1.30328305e+00
 4.06000000e-03  1.77560690e+00  1.30328305e+00
 4.08000000e-03  1.77139431e+00  1.30328305e+00
 4.10000000e-03  1.76719172e+00  1.30328305e+00
 4.12000000e-03  1.76299909e+00  1.30328305e+00
 4.14000000e-03  1.75881642e+00  1.30328305e+00
 4.16000000e-03  1.75464366e+00  1.30328305e+00
 4.18000000e-03  1.75048081e+00  1.30328305e+00
 4.20000000e-03  1.74632783e+00  1.30328305e+00
 4.22000000e-03  1.74218471e+00  1.30328305e+00
 4.24000000e-03  1.73805141e+00  1.30328305e+00
 4.26000000e-03  1.73392792e+00  1.30328305e+00
 4.28000000e-03  1.72981422e+00  1.30328305e+00
 4.30000000e-03  1.72571027e+00  1.30328305e+00
 4.32000000e-03  1.72161606e+00  1.30328305e+00
 4.34000000e-03  1.71753156e+00  1.30328305e+00
 4.36000000e-03  1.71345676e+00  1.30328305e+00
 4.38000000e-03  1.70939162e+00  1.30328305e+00
 4.40000000e-03  1.70533612e+00  1.30328305e+00
 4.42000000e-03  1.70129025e+00  1.30328305e+00
 4.44000000e-03  1.69725398e+00  1.30328305e+00
 4.46000000e-03  1.69322728e+00  1.30328305e+00
 4.48000000e-03  1.68921013e+00  1.30328305e+00
 4.50000000e-03  1.68520252e+00  1.30328305e+00
 4.52000000e-03  1.68120441e+00  1.30328305e+00
 4.54000000e-03  1.67721579e+00  1.30328305e+00
 4.56000000e-03  1.67323664e+00  1.30328305e+00
 4.58000000e-03  1.66926692e+00  1.30328305e+00
 4.60000000e-03  1.66530662e+00  1.30328305e+00
 4.62000000e-03  1.66135572e+00  1.30328305e+00
 4.64000000e-03  1.65741419e+00  1.30328305e+00
 4.66000000e-03  1.65348201e+00  1.30328305e+00
 4.68000000e-03  1.64955916e+00  1.30328305e+00
 4.70000000e-03  1.64564561e+00  1.30328305e+00
 4.72000000e-03  1.64174136e+00  1.30328305e+00
 4.74000000e-03  1.63784636e+00  1.30328305e+00
 4.76000000e-03  1.63396061e+00  1.30328305e+00
 4.78000000e-03  1.63008407e+00  1.30328305e+00
 4.80000000e-03  1.62621673e+00  1.30328305e+00
 4.82000000e-03  1.62235857e+00  1.30328305e+00
 4.84000000e-03  1.61850956e+00  1.30328305e+00
 4.86000000e-03  1.61466968e+00  1.30328305e+00
 4.88000000e-03  1.61083891e+00  1.30328305e+00
 4.90000000e-03  1.60701723e+00  1.30328305e+00
 4.92000000e-03  1.60320462e+00  1.30328305e+00
 4.94000000e-03  1.59940105e+00  1.30328305e+00
 4.96000000e-03  1.59560651e+00  1.30328305e+00
 4.98000000e-03  1.59182096e+00  1.30328305e+00
 5.00000000e-03  1.58804440e+00  1.30328305e+00
 5.02000000e-03  1.58427680e+00  1.30328305e+00
 5.04000000e-03  1.58051814e+00  1.30328305e+00
 5.06000000e-03  1.57676840e+00  1.30328305e+00
 5.08000000e-03  1.57302755e+00  1.30328305e+00
 5.10000000e-03  1.56929557e+00  1.30328305e+00
 5.12000000e-03  1.56557245e+00  1.30328305e+00
 5.14000000e-03  1.56185817e+00  1.30328305e+00
 5.16000000e-03  1.55815269e+00  1.30328305e+00
 5.18000000e-03  1.55445601e+00  1.30328305e+00
 5.20000000e-03  1.55076810e+00  1.30328305e+00
 5.22000000e-03  1.54708893e+00  1.30328305e+00
 5.24000000e-03  1.54341850e+00  1.30328305e+00
 5.26000000e-03  1.53975677e+00  1.30328305e+00
 5.28000000e-03  1.53610373e+00  1.30328305e+00
 5.30000000e-03  1.53245936e+00  1.30328305e+00
 5.32000000e-03  1.52882363e+00  1.30328305e+00
 5.34000000e-03  1.52519653e+00  1.30328305e+00
 5.36000000e-03  1.52157804e+00  1.30328305e+00
 5.38000000e-03  1.51796813e+00  1.30328305e+00
 5.40000000e-03  1.51436678e+00  1.30328305e+00
 5.42000000e-03  1.51077398e+00  1.30328305e+00
 5.44000000e-03  1.50718970e+00  1.30328305e+00
 5.46000000e-03  1.50361393e+00  1.30328305e+00
 5.48000000e-03  1.50004664e+00  1.30328305e+00
 5.50000000e-03  1.49648781e+00  1.30328305e+00
 5.52000000e-03  1.49293742e+00  1.30328305e+00
 5.54000000e-03  1.48939546e+00  1.30328305e+00
 5.56000000e-03  1.48586190e+00  1.30328305e+00
 5.58000000e-03  1.48233673e+00  1.30328305e+00
 5.60000000e-03  1.47881992e+00  1.30328305e+00
 5.62000000e-03  1.47531145e+00  1.30328305e+00
 5.64000000e-03  1.47181131e+00  1.30328305e+00
 5.66000000e-03  1.46831947e+00  1.30328305e+00
 5.68000000e-03  1.46483591e+00  1.30328305e+00
 5.70000000e-03  1.46136062e+00  1.30328305e+00
 5.72000000e-03  1.45789357e+00  1.30328305e+00
 5.74000000e-03  1.45443475e+00  1.30328305e+00
 5.76000000e-03  1.45098414e+00  1.30328305e+00
 5.78000000e-03  1.44754171e+00  1.30328305e+00
 5.80000000e-03  1.44410745e+00  1.30328305e+00
 5.82000000e-03  1.44068133e+00  1.30328305e+00
 5.84000000e-03  1.43726335e+00  1.30328305e+00
 5.86000000e-03  1.43385347e+00  1.30328305e+00
 5.88000000e-03  1.43045169e+00  1.30328305e+00
 5.90000000e-03  1.42705797e+00  1.30328305e+00
 5.92000000e-03  1.42367231e+00  1.30328305e+00
 5.94000000e-03  1.42029468e+00  1.30328305e+00
 5.96000000e-03  1.41692506e+00  1.30328305e+00
 5.98000000e-03  1.41356344e+00  1.30328305e+00
 6.00000000e-03  1.41020979e+00  1.30328305e+00
 6.02000000e-03  1.40686410e+00  1.30328305e+00
 6.04000000e-03  1.40352634e+00  1.30328305e+00
 6.06000000e-03  1.40019651e+00  1.30328305e+00
 6.08000000e-03  1.39687457e+00  1.30328305e+00
 6.10000000e-03  1.39356052e+00  1.30328305e+00
 6.12000000e-03  1.39025432e+00  1.30328305e+00
 6.14000000e-03  1.38695598e+00  1.30328305e+00
 6.16000000e-03  1.38366545e+00  1.30328305e+00
 6.18000000e-03  1.38038274e+00  1.30328305e+00
 6.20000000e-03  1.37710781e+00  1.30328305e+00
 6.22000000e-03  1.37384065e+00  1.30328305e+00
 6.24000000e-03  1.37058124e+00  1.30328305e+00
 6.26000000e-03  1.36732957e+00  1.30328305e+00
 6.28000000e-03  1.36408561e+00  1.30328305e+00
 6.30000000e-03  1.36084935e+00  1.30328305e+00
 6.32000000e-03  1.35762076e+00  1.30328305e+00
 6.34000000e-03  1.35439984e+00  1.30328305e+00
 6.36000000e-03  1.35118655e+00  1.30328305e+00
 6.38000000e-03  1.34798089e+00  1.30328305e+00
 6.40000000e-03  1.34478284e+00  1.30328305e+00
 6.42000000e-03  1.34159237e+00  1.30328305e+00
 6.44000000e-03  1.33840947e+00  1.30328305e+00
 6.46000000e-03  1.33523412e+00  1.30328305e+00
 6.48000000e-03  1.33206631e+00  1.30328305e+00
 6.50000000e-03  1.32890601e+00  1.30328305e+00
 6.52000000e-03  1.32575321e+00  1.30328305e+00
 6.54000000e-03  1.32260789e+00  1.30328305e+00
 6.56000000e-03  1.31947003e+00  1.30328305e+00
 6.58000000e-03  1.31633962e+00  1.30328305e+00
 6.60000000e-03  1.31321663e+00  1.30328305e+00
 6.62000000e-03  1.31010105e+00  1.30328305e+00
 6.64000000e-03  1.30699287e+00  1.30328305e+00
 6.66000000e-03  1.30389206e+00  1.30328305e+00
 6.68000000e-03  1.93266879e+00  1.30328305e+00
 6.70000000e-03  1.92808358e+00  1.30328305e+00
 6.72000000e-03  1.92350924e+00  1.30328305e+00
 6.74000000e-03  1.91894576e+00  1.30328305e+00
 6.76000000e-03  1.91439310e+00  1.30328305e+00
 6.78000000e-03  1.90985125e+00  1.30328305e+00
 6.80000000e-03  1.90532017e+00  1.30328305e+00
 6.82000000e-03  1.90079983e+00  1.30328305e+00
 6.84000000e-03  1.89629023e+00  1.30328305e+00
 6.86000000e-03  1.89179132e+00  1.30328305e+00
 6.88000000e-03  1.88730309e+00  1.30328305e+00
 6.90000000e-03  1.88282550e+00  1.30328305e+00
 6.92000000e-03  1.87835854e+00  1.30328305e+00
 6.94000000e-03  1.87390218e+00  1.30328305e+00
 6.96000000e-03  1.86945638e+00  1.30328305e+00
 6.98000000e-03  1.86502114e+00  1.30328305e+00
 7.00000000e-03  1.86059642e+00  1.30328305e+00
 7.02000000e-03  1.85618219e+00  1.30328305e+00
 7.04000000e-03  1.85177844e+00  1.30328305e+00
 7.06000000e-03  1.84738514e+00  1.30328305e+00
 7.08000000e-03  1.84300226e+00  1.30328305e+00
 7.10000000e-03  1.83862977e+00  1.30328305e+00
 7.12000000e-03  1.83426767e+00  1.30328305e+00
 7.14000000e-03  1.82991591e+00  1.30328305e+00
 7.16000000e-03  1.82557447e+00  1.30328305e+00
 7.18000000e-03  1.82124333e+00  1.30328305e+00
 7.20000000e-03  1.81692248e+00  1.30328305e+00
 7.22000000e-03  1.81261187e+00  1.30328305e+00
 7.24000000e-03  1.80831148e+00  1.30328305e+00
 7.26000000e-03  1.80402130e+00  1.30328305e+00
 7.28000000e-03  1.79974130e+00  1.30328305e+00
 7.30000000e-03  1.79547146e+00  1.30328305e+00
 7.32000000e-03  1.79121174e+00  1.30328305e+00
 7.34000000e-03  1.78696213e+00  1.30328305e+00
 7.36000000e-03  1.78272260e+00  1.30328305e+00
 7.38000000e-03  1.77849313e+00  1.30328305e+00
 7.40000000e-03  1.77427369e+00  1.30328305e+00
 7.42000000e-03  1.77006427e+00  1.30328305e+00
 7.44000000e-03  1.76586483e+00  1.30328305e+00
 7.46000000e-03  1.76167535e+00  1.30328305e+00
 7.48000000e-03  1.75749582e+00  1.30328305e+00
 7.50000000e-03  1.75332620e+00  1.30328305e+00
 7.52000000e-03  1.74916647e+00  1.30328305e+00
 7.54000000e-03  1.74501661e+00  1.30328305e+00
 7.56000000e-03  1.74087660e+00  1.30328305e+00
 7.58000000e-03  1.73674641e+00  1.30328305e+00
 7.60000000e-03  1.73262601e+00  1.30328305e+00
 7.62000000e-03  1.72851539e+00  1.30328305e+00
 7.64000000e-03  1.72441453e+00  1.30328305e+00
 7.66000000e-03  1.72032339e+00  1.30328305e+00
 7.68000000e-03  1.71624196e+00  1.30328305e+00
 7.70000000e-03  1.71217022e+00  1.30328305e+00
 7.72000000e-03  1.70810813e+00  1.30328305e+00
 7.74000000e-03  1.70405568e+00  1.30328305e+00
 7.76000000e-03  1.70001285e+00  1.30328305e+00
 7.78000000e-03  1.69597960e+00  1.30328305e+00
 7.80000000e-03  1.69195593e+00  1.30328305e+00
 7.82000000e-03  1.68794180e+00  1.30328305e+00
 7.84000000e-03  1.68393720e+00  1.30328305e+00
 7.86000000e-03  1.67994209e+00  1.30328305e+00
 7.88000000e-03  1.67595647e+00  1.30328305e+00
 7.90000000e-03  1.67198030e+00  1.30328305e+00
 7.92000000e-03  1.66801356e+00  1.30328305e+00
 7.94000000e-03  1.66405623e+00  1.30328305e+00
 7.96000000e-03  1.66010830e+00  1.30328305e+00
 7.98000000e-03  1.65616973e+00  1.30328305e+00
 8.00000000e-03  1.65224050e+00  1.30328305e+00
 8.02000000e-03  1.64832060e+00  1.30328305e+00
 8.04000000e-03  1.64440999e+00  1.30328305e+00
 8.06000000e-03  1.64050866e+00  1.30328305e+00
 8.08000000e-03  1.63661659e+00  1.30328305e+00
 8.10000000e-03  1.63273376e+00  1.30328305e+00
 8.12000000e-03  1.62886013e+00  1.30328305e+00
 8.14000000e-03  1.62499570e+00  1.30328305e+00
 8.16000000e-03  1.62114043e+00  1.30328305e+00
 8.18000000e-03  1.61729431e+00  1.30328305e+00
 8.20000000e-03  1.61345731e+00  1.30328305e+00
 8.22000000e-03  1.60962942e+00  1.30328305e+00
 8.24000000e-03  1.60581061e+00  1.30328305e+00
 8.26000000e-03  1.60200086e+00  1.30328305e+00
 8.28000000e-03  1.59820015e+00  1.30328305e+00
 8.30000000e-03  1.59440845e+00  1.30328305e+00
 8.32000000e-03  1.59062575e+00  1.30328305e+00
 8.34000000e-03  1.58685203e+00  1.30328305e+00
 8.36000000e-03  1.58308726e+00  1.30328305e+00
 8.38000000e-03  1.57933142e+00  1.30328305e+00
 8.40000000e-03  1.57558449e+00  1.30328305e+00
 8.42000000e-03  1.57184645e+00  1.30328305e+00
 8.44000000e-03  1.56811728e+00  1.30328305e+00
 8.46000000e-03  1.56439695e+00  1.30328305e+00
 8.48000000e-03  1.56068546e+00  1.30328305e+00
 8.50000000e-03  1.55698276e+00  1.30328305e+00
 8.52000000e-03  1.55328886e+00  1.30328305e+00
 8.54000000e-03  1.54960371e+00  1.30328305e+00
 8.56000000e-03  1.54592731e+00  1.30328305e+00
 8.58000000e-03  1.54225963e+00  1.30328305e+00
 8.60000000e-03  1.53860066e+00  1.30328305e+00
 8.62000000e-03  1.53495036e+00  1.30328305e+00
 8.64000000e-03  1.53130872e+00  1.30328305e+00
 8.66000000e-03  1.52767573e+00  1.30328305e+00
 8.68000000e-03  1.52405135e+00  1.30328305e+00
 8.70000000e-03  1.52043557e+00  1.30328305e+00
 8.72000000e-03  1.51682837e+00  1.30328305e+00
 8.74000000e-03  1.51322973e+00  1.30328305e+00
 8.76000000e-03  1.50963962e+00  1.30328305e+00
 8.78000000e-03  1.50605804e+00  1.30328305e+00
 8.80000000e-03  1.50248495e+00  1.30328305e+00
 8.82000000e-03  1.49892033e+00  1.30328305e+00
 8.84000000e-03  1.49536418e+00  1.30328305e+00
 8.86000000e-03  1.49181646e+00  1.30328305e+00
 8.88000000e-03  1.48827716e+00  1.30328305e+00
 8.90000000e-03  1.48474625e+00  1.30328305e+00
 8.92000000e-03  1.48122373e+00  1.30328305e+00
 8.94000000e-03  1.47770955e+00  1.30328305e+00
 8.96000000e-03  1.47420372e+00  1.30328305e+00
 8.98000000e-03  1.47070620e+00  1.30328305e+00
 9.00000000e-03  1.46721699e+00  1.30328305e+00
 9.02000000e-03  1.46373605e+00  1.30328305e+00
 9.04000000e-03  1.46026336e+00  1.30328305e+00
 9.06000000e-03  1.45679892e+00  1.30328305e+00
 9.08000000e-03  1.45334270e+00  1.30328305e+00
 9.10000000e-03  1.44989467e+00  1.30328305e+00
 9.12000000e-03  1.44645483e+00  1.30328305e+00
 9.14000000e-03  1.44302315e+00  1.30328305e+00
 9.16000000e-03  1.43959961e+00  1.30328305e+00
 9.18000000e-03  1.43618419e+00  1.30328305e+00
 9.20000000e-03  1.43277687e+00  1.30328305e+00
 9.22000000e-03  1.42937764e+00  1.30328305e+00
 9.24000000e-03  1.42598647e+00  1.30328305e+00
 9.26000000e-03  1.42260335e+00  1.30328305e+00
 9.28000000e-03  1.41922826e+00  1.30328305e+00
 9.30000000e-03  1.41586117e+00  1.30328305e+00
 9.32000000e-03  1.41250207e+00  1.30328305e+00
 9.34000000e-03  1.40915094e+00  1.30328305e+00
 9.36000000e-03  1.40580776e+00  1.30328305e+00
 9.38000000e-03  1.40247251e+00  1.30328305e+00
 9.40000000e-03  1.39914518e+00  1.30328305e+00
 9.42000000e-03  1.39582573e+00  1.30328305e+00
 9.44000000e-03  1.39251417e+00  1.30328305e+00
 9.46000000e-03  1.38921046e+00  1.30328305e+00
 9.48000000e-03  1.38591459e+00  1.30328305e+00
 9.50000000e-03  1.38262654e+00  1.30328305e+00
 9.52000000e-03  1.37934628e+00  1.30328305e+00
 9.54000000e-03  1.37607382e+00  1.30328305e+00
 9.56000000e-03  1.37280911e+00  1.30328305e+00
 9.58000000e-03  1.36955215e+00  1.30328305e+00
 9.60000000e-03  1.36630292e+00  1.30328305e+00
 9.62000000e-03  1.36306139e+00  1.30328305e+00
 9.64000000e-03  1.35982756e+00  1.30328305e+00
 9.66000000e-03  1.35660140e+00  1.30328305e+00
 9.68000000e-03  1.35338289e+00  1.30328305e+00
 9.70000000e-03  1.35017202e+00  1.30328305e+00
 9.72000000e-03  1.34696877e+00  1.30328305e+00
 9.74000000e-03  1.34377311e+00  1.30328305e+00
 9.76000000e-03  1.34058504e+00  1.30328305e+00
 9.78000000e-03  1.33740453e+00  1.30328305e+00
 9.80000000e-03  1.33423157e+00  1.30328305e+00
 9.82000000e-03  1.33106614e+00  1.30328305e+00
 9.84000000e-03  1.32790821e+00  1.30328305e+00
 9.86000000e-03  1.32475778e+00  1.30328305e+00
 9.88000000e-03  1.32161482e+00  1.30328305e+00
 9.90000000e-03  1.31847932e+00  1.30328305e+00
 9.92000000e-03  1.31535125e+00  1.30328305e+00
 9.94000000e-03  1.31223061e+00  1.30328305e+00
 9.96000000e-03  1.30911737e+00  1.30328305e+00
 9.98000000e-03  1.30601152e+00  1.30328305e+00
 1.00000000e-02  1.51391199e+00  1.30328305e+00
 1.00200000e-02  1.93116701e+00  1.30328305e+00
 1.00400000e-02  1.92658535e+00  1.30328305e+00
 1.00600000e-02  1.92201457e+00  1.30328305e+00
 1.00800000e-02  1.91745464e+00  1.30328305e+00
 1.01000000e-02  1.91290552e+00  1.30328305e+00
 1.01200000e-02  1.90836719e+00  1.30328305e+00
 1.01400000e-02  1.90383963e+00  1.30328305e+00
 1.01600000e-02  1.89932281e+00  1.30328305e+00
 1.01800000e-02  1.89481671e+00  1.30328305e+00
 1.02000000e-02  1.89032130e+00  1.30328305e+00
 1.02200000e-02  1.88583655e+00  1.30328305e+00
 1.02400000e-02  1.88136245e+00  1.30328305e+00
 1.02600000e-02  1.87689896e+00  1.30328305e+00
 1.02800000e-02  1.87244605e+00  1.30328305e+00
 1.03000000e-02  1.86800372e+00  1.30328305e+00
 1.03200000e-02  1.86357192e+00  1.30328305e+00
 1.03400000e-02  1.85915064e+00  1.30328305e+00
 1.03600000e-02  1.85473984e+00  1.30328305e+00
 1.03800000e-02  1.85033951e+00  1.30328305e+00
 1.04000000e-02  1.84594962e+00  1.30328305e+00
 1.04200000e-02  1.84157015e+00  1.30328305e+00
 1.04400000e-02  1.83720106e+00  1.30328305e+00
 1.04600000e-02  1.83284234e+00  1.30328305e+00
 1.04800000e-02  1.82849396e+00  1.30328305e+00
 1.05000000e-02  1.82415590e+00  1.30328305e+00
 1.05200000e-02  1.81982813e+00  1.30328305e+00
 1.05400000e-02  1.81551063e+00  1.30328305e+00
 1.05600000e-02  1.81120337e+00  1.30328305e+00
 1.05800000e-02  1.80690633e+00  1.30328305e+00
 1.06000000e-02  1.80261948e+00  1.30328305e+00
 1.06200000e-02  1.79834281e+00  1.30328305e+00
 1.06400000e-02  1.79407628e+00  1.30328305e+00
 1.06600000e-02  1.78981987e+00  1.30328305e+00
 1.06800000e-02  1.78557356e+00  1.30328305e+00
 1.07000000e-02  1.78133733e+00  1.30328305e+00
 1.07200000e-02  1.77711115e+00  1.30328305e+00
 1.07400000e-02  1.77289499e+00  1.30328305e+00
 1.07600000e-02  1.76868883e+00  1.30328305e+00
 1.07800000e-02  1.76449266e+00  1.30328305e+00
 1.08000000e-02  1.76030644e+00  1.30328305e+00
 1.08200000e-02  1.75613015e+00  1.30328305e+00
 1.08400000e-02  1.75196377e+00  1.30328305e+00
 1.08600000e-02  1.74780727e+00  1.30328305e+00
 1.08800000e-02  1.74366064e+00  1.30328305e+00
 1.09000000e-02  1.73952384e+00  1.30328305e+00
 1.09200000e-02  1.73539686e+00  1.30328305e+00
 1.09400000e-02  1.73127967e+00  1.30328305e+00
 1.09600000e-02  1.72717225e+00  1.30328305e+00
 1.09800000e-02  1.72307457e+00  1.30328305e+00
 1.10000000e-02  1.71898661e+00  1.30328305e+00
 1.10200000e-02  1.71490835e+00  1.30328305e+00
 1.10400000e-02  1.71083977e+00  1.30328305e+00
 1.10600000e-02  1.70678084e+00  1.30328305e+00
 1.10800000e-02  1.70273154e+00  1.30328305e+00
 1.11000000e-02  1.69869185e+00  1.30328305e+00
 1.11200000e-02  1.69466174e+00  1.30328305e+00
 1.11400000e-02  1.69064119e+00  1.30328305e+00
 1.11600000e-02  1.68663018e+00  1.30328305e+00
 1.11800000e-02  1.68262869e+00  1.30328305e+00
 1.12000000e-02  1.67863669e+00  1.30328305e+00
 1.12200000e-02  1.67465416e+00  1.30328305e+00
 1.12400000e-02  1.67068108e+00  1.30328305e+00
 1.12600000e-02  1.66671742e+00  1.30328305e+00
 1.12800000e-02  1.66276317e+00  1.30328305e+00
 1.13000000e-02  1.65881830e+00  1.30328305e+00
 1.13200000e-02  1.65488279e+00  1.30328305e+00
 1.13400000e-02  1.65095662e+00  1.30328305e+00
 1.13600000e-02  1.64703976e+00  1.30328305e+00
 1.13800000e-02  1.64313220e+00  1.30328305e+00
 1.14000000e-02  1.63923390e+00  1.30328305e+00
 1.14200000e-02  1.63534486e+00  1.30328305e+00
 1.14400000e-02  1.63146504e+00  1.30328305e+00
 1.14600000e-02  1.62759442e+00  1.30328305e+00
 1.14800000e-02  1.62373299e+00  1.30328305e+00
 1.15000000e-02  1.61988072e+00  1.30328305e+00
 1.15200000e-02  1.61603759e+00  1.30328305e+00
 1.15400000e-02  1.61220357e+00  1.30328305e+00
 1.15600000e-02  1.60837865e+00  1.30328305e+00
 1.15800000e-02  1.60456281e+00  1.30328305e+00
 1.16000000e-02  1.60075602e+00  1.30328305e+00
 1.16200000e-02  1.59695826e+00  1.30328305e+00
 1.16400000e-02  1.59316951e+00  1.30328305e+00
 1.16600000e-02  1.58938975e+00  1.30328305e+00
 1.16800000e-02  1.58561896e+00  1.30328305e+00
 1.17000000e-02  1.58185711e+00  1.30328305e+00
 1.17200000e-02  1.57810419e+00  1.30328305e+00
 1.17400000e-02  1.57436018e+00  1.30328305e+00
 1.17600000e-02  1.57062504e+00  1.30328305e+00
 1.17800000e-02  1.56689877e+00  1.30328305e+00
 1.18000000e-02  1.56318133e+00  1.30328305e+00
 1.18200000e-02  1.55947272e+00  1.30328305e+00
 1.18400000e-02  1.55577291e+00  1.30328305e+00
 1.18600000e-02  1.55208187e+00  1.30328305e+00
 1.18800000e-02  1.54839959e+00  1.30328305e+00
 1.19000000e-02  1.54472604e+00  1.30328305e+00
 1.19200000e-02  1.54106122e+00  1.30328305e+00
 1.19400000e-02  1.53740508e+00  1.30328305e+00
 1.19600000e-02  1.53375762e+00  1.30328305e+00
 1.19800000e-02  1.53011881e+00  1.30328305e+00
 1.20000000e-02  1.52648864e+00  1.30328305e+00
 1.20200000e-02  1.52286708e+00  1.30328305e+00
 1.20400000e-02  1.51925411e+00  1.30328305e+00
 1.20600000e-02  1.51564971e+00  1.30328305e+00
 1.20800000e-02  1.51205387e+00  1.30328305e+00
 1.21000000e-02  1.50846655e+00  1.30328305e+00
 1.21200000e-02  1.50488775e+00  1.30328305e+00
 1.21400000e-02  1.50131744e+00  1.30328305e+00
 1.21600000e-02  1.49775559e+00  1.30328305e+00
 1.21800000e-02  1.49420220e+00  1.30328305e+00
 1.22000000e-02  1.49065724e+00  1.30328305e+00
 1.22200000e-02  1.48712069e+00  1.30328305e+00
 1.22400000e-02  1.48359253e+00  1.30328305e+00
 1.22600000e-02  1.48007274e+00  1.30328305e+00
 1.22800000e-02  1.47656130e+00  1.30328305e+00
 1.23000000e-02  1.47305819e+00  1.30328305e+00
 1.23200000e-02  1.46956339e+00  1.30328305e+00
 1.23400000e-02  1.46607688e+00  1.30328305e+00
 1.23600000e-02  1.46259865e+00  1.30328305e+00
 1.23800000e-02  1.45912866e+00  1.30328305e+00
 1.24000000e-02  1.45566691e+00  1.30328305e+00
 1.24200000e-02  1.45221337e+00  1.30328305e+00
 1.24400000e-02  1.44876803e+00  1.30328305e+00
 1.24600000e-02  1.44533086e+00  1.30328305e+00
 1.24800000e-02  1.44190184e+00  1.30328305e+00
 1.25000000e-02  1.43848096e+00  1.30328305e+00
 1.25200000e-02  1.43506820e+00  1.30328305e+00
 1.25400000e-02  1.43166353e+00  1.30328305e+00
 1.25600000e-02  1.42826694e+00  1.30328305e+00
 1.25800000e-02  1.42487841e+00  1.30328305e+00
 1.26000000e-02  1.42149791e+00  1.30328305e+00
 1.26200000e-02  1.41812544e+00  1.30328305e+00
 1.26400000e-02  1.41476097e+00  1.30328305e+00
 1.26600000e-02  1.41140448e+00  1.30328305e+00
 1.26800000e-02  1.40805595e+00  1.30328305e+00
 1.27000000e-02  1.40471537e+00  1.30328305e+00
 1.27200000e-02  1.40138272e+00  1.30328305e+00
 1.27400000e-02  1.39805797e+00  1.30328305e+00
 1.27600000e-02  1.39474110e+00  1.30328305e+00
 1.27800000e-02  1.39143211e+00  1.30328305e+00
 1.28000000e-02  1.38813097e+00  1.30328305e+00
 1.28200000e-02  1.38483766e+00  1.30328305e+00
 1.28400000e-02  1.38155216e+00  1.30328305e+00
 1.28600000e-02  1.37827446e+00  1.30328305e+00
 1.28800000e-02  1.37500453e+00  1.30328305e+00
 1.29000000e-02  1.37174237e+00  1.30328305e+00
 1.29200000e-02  1.36848794e+00  1.30328305e+00
 1.29400000e-02  1.36524123e+00  1.30328305e+00
 1.29600000e-02  1.36200222e+00  1.30328305e+00
 1.29800000e-02  1.35877090e+00  1.30328305e+00
 1.30000000e-02  1.35554725e+00  1.30328305e+00
 1.30200000e-02  1.35233124e+00  1.30328305e+00
 1.30400000e-02  1.34912287e+00  1.30328305e+00
 1.30600000e-02  1.34592210e+00  1.30328305e+00
 1.30800000e-02  1.34272893e+00  1.30328305e+00
 1.31000000e-02  1.33954334e+00  1.30328305e+00
 1.31200000e-02  1.33636530e+00  1.30328305e+00
 1.31400000e-02  1.33319480e+00  1.30328305e+00
 1.31600000e-02  1.33003183e+00  1.30328305e+00
 1.31800000e-02  1.32687635e+00  1.30328305e+00
 1.32000000e-02  1.32372837e+00  1.30328305e+00
 1.32200000e-02  1.32058785e+00  1.30328305e+00
 1.32400000e-02  1.31745479e+00  1.30328305e+00
 1.32600000e-02  1.31432915e+00  1.30328305e+00
 1.32800000e-02  1.31121094e+00  1.30328305e+00
 1.33000000e-02  1.30810012e+00  1.30328305e+00
 1.33200000e-02  1.30499668e+00  1.30328305e+00
 1.33400000e-02  1.93422122e+00  1.30328305e+00
 1.33600000e-02  1.92963232e+00  1.30328305e+00
 1.33800000e-02  1.92505431e+00  1.30328305e+00
 1.34000000e-02  1.92048716e+00  1.30328305e+00
 1.34200000e-02  1.91593085e+00  1.30328305e+00
 1.34400000e-02  1.91138534e+00  1.30328305e+00
 1.34600000e-02  1.90685062e+00  1.30328305e+00
 1.34800000e-02  1.90232666e+00  1.30328305e+00
 1.35000000e-02  1.89781343e+00  1.30328305e+00
 1.35200000e-02  1.89331091e+00  1.30328305e+00
 1.35400000e-02  1.88881908e+00  1.30328305e+00
 1.35600000e-02  1.88433789e+00  1.30328305e+00
 1.35800000e-02  1.87986734e+00  1.30328305e+00
 1.36000000e-02  1.87540740e+00  1.30328305e+00
 1.36200000e-02  1.87095804e+00  1.30328305e+00
 1.36400000e-02  1.86651923e+00  1.30328305e+00
 1.36600000e-02  1.86209095e+00  1.30328305e+00
 1.36800000e-02  1.85767318e+00  1.30328305e+00
 1.37000000e-02  1.85326589e+00  1.30328305e+00
 1.37200000e-02  1.84886906e+00  1.30328305e+00
 1.37400000e-02  1.84448266e+00  1.30328305e+00
 1.37600000e-02  1.84010666e+00  1.30328305e+00
 1.37800000e-02  1.83574105e+00  1.30328305e+00
 1.38000000e-02  1.83138580e+00  1.30328305e+00
 1.38200000e-02  1.82704087e+00  1.30328305e+00
 1.38400000e-02  1.82270626e+00  1.30328305e+00
 1.38600000e-02  1.81838193e+00  1.30328305e+00
 1.38800000e-02  1.81406786e+00  1.30328305e+00
 1.39000000e-02  1.80976402e+00  1.30328305e+00
 1.39200000e-02  1.80547040e+00  1.30328305e+00
 1.39400000e-02  1.80118696e+00  1.30328305e+00
 1.39600000e-02  1.79691368e+00  1.30328305e+00
 1.39800000e-02  1.79265054e+00  1.30328305e+00
 1.40000000e-02  1.78839752e+00  1.30328305e+00
 1.40200000e-02  1.78415458e+00  1.30328305e+00
 1.40400000e-02  1.77992172e+00  1.30328305e+00
 1.40600000e-02  1.77569889e+00  1.30328305e+00
 1.40800000e-02  1.77148608e+00  1.30328305e+00
 1.41000000e-02  1.76728327e+00  1.30328305e+00
 1.41200000e-02  1.76309043e+00  1.30328305e+00
 1.41400000e-02  1.75890754e+00  1.30328305e+00
 1.41600000e-02  1.75473457e+00  1.30328305e+00
 1.41800000e-02  1.75057150e+00  1.30328305e+00
 1.42000000e-02  1.74641831e+00  1.30328305e+00
 1.42200000e-02  1.74227497e+00  1.30328305e+00
 1.42400000e-02  1.73814146e+00  1.30328305e+00
 1.42600000e-02  1.73401775e+00  1.30328305e+00
 1.42800000e-02  1.72990383e+00  1.30328305e+00
 1.43000000e-02  1.72579968e+00  1.30328305e+00
 1.43200000e-02  1.72170525e+00  1.30328305e+00
 1.43400000e-02  1.71762055e+00  1.30328305e+00
 1.43600000e-02  1.71354553e+00  1.30328305e+00
 1.43800000e-02  1.70948018e+00  1.30328305e+00
 1.44000000e-02  1.70542447e+00  1.30328305e+00
 1.44200000e-02  1.70137839e+00  1.30328305e+00
 1.44400000e-02  1.69734191e+00  1.30328305e+00
 1.44600000e-02  1.69331500e+00  1.30328305e+00
 1.44800000e-02  1.68929765e+00  1.30328305e+00
 1.45000000e-02  1.68528983e+00  1.30328305e+00
 1.45200000e-02  1.68129152e+00  1.30328305e+00
 1.45400000e-02  1.67730269e+00  1.30328305e+00
 1.45600000e-02  1.67332332e+00  1.30328305e+00
 1.45800000e-02  1.66935340e+00  1.30328305e+00
 1.46000000e-02  1.66539290e+00  1.30328305e+00
 1.46200000e-02  1.66144179e+00  1.30328305e+00
 1.46400000e-02  1.65750005e+00  1.30328305e+00
 1.46600000e-02  1.65356767e+00  1.30328305e+00
 1.46800000e-02  1.64964462e+00  1.30328305e+00
 1.47000000e-02  1.64573087e+00  1.30328305e+00
 1.47200000e-02  1.64182641e+00  1.30328305e+00
 1.47400000e-02  1.63793121e+00  1.30328305e+00
 1.47600000e-02  1.63404526e+00  1.30328305e+00
 1.47800000e-02  1.63016852e+00  1.30328305e+00
 1.48000000e-02  1.62630098e+00  1.30328305e+00
 1.48200000e-02  1.62244262e+00  1.30328305e+00
 1.48400000e-02  1.61859341e+00  1.30328305e+00
 1.48600000e-02  1.61475333e+00  1.30328305e+00
 1.48800000e-02  1.61092237e+00  1.30328305e+00
 1.49000000e-02  1.60710049e+00  1.30328305e+00
 1.49200000e-02  1.60328768e+00  1.30328305e+00
 1.49400000e-02  1.59948391e+00  1.30328305e+00
 1.49600000e-02  1.59568917e+00  1.30328305e+00
 1.49800000e-02  1.59190343e+00  1.30328305e+00
 1.50000000e-02  1.58812668e+00  1.30328305e+00
 1.50200000e-02  1.58435888e+00  1.30328305e+00
 1.50400000e-02  1.58060002e+00  1.30328305e+00
 1.50600000e-02  1.57685009e+00  1.30328305e+00
 1.50800000e-02  1.57310904e+00  1.30328305e+00
 1.51000000e-02  1.56937688e+00  1.30328305e+00
 1.51200000e-02  1.56565356e+00  1.30328305e+00
 1.51400000e-02  1.56193909e+00  1.30328305e+00
 1.51600000e-02  1.55823342e+00  1.30328305e+00
 1.51800000e-02  1.55453654e+00  1.30328305e+00
 1.52000000e-02  1.55084844e+00  1.30328305e+00
 1.52200000e-02  1.54716909e+00  1.30328305e+00
 1.52400000e-02  1.54349846e+00  1.30328305e+00
 1.52600000e-02  1.53983655e+00  1.30328305e+00
 1.52800000e-02  1.53618332e+00  1.30328305e+00
 1.53000000e-02  1.53253876e+00  1.30328305e+00
 1.53200000e-02  1.52890284e+00  1.30328305e+00
 1.53400000e-02  1.52527555e+00  1.30328305e+00
 1.53600000e-02  1.52165687e+00  1.30328305e+00
 1.53800000e-02  1.51804677e+00  1.30328305e+00
 1.54000000e-02  1.51444524e+00  1.30328305e+00
 1.54200000e-02  1.51085225e+00  1.30328305e+00
 1.54400000e-02  1.50726779e+00  1.30328305e+00
 1.54600000e-02  1.50369183e+00  1.30328305e+00
 1.54800000e-02  1.50012435e+00  1.30328305e+00
 1.55000000e-02  1.49656534e+00  1.30328305e+00
 1.55200000e-02  1.49301477e+00  1.30328305e+00
 1.55400000e-02  1.48947263e+00  1.30328305e+00
 1.55600000e-02  1.48593888e+00  1.30328305e+00
 1.55800000e-02  1.48241353e+00  1.30328305e+00
 1.56000000e-02  1.47889653e+00  1.30328305e+00
 1.56200000e-02  1.47538788e+00  1.30328305e+00
 1.56400000e-02  1.47188756e+00  1.30328305e+00
 1.56600000e-02  1.46839554e+00  1.30328305e+00
 1.56800000e-02  1.46491180e+00  1.30328305e+00
 1.57000000e-02  1.46143633e+00  1.30328305e+00
 1.57200000e-02  1.45796910e+00  1.30328305e+00
 1.57400000e-02  1.45451010e+00  1.30328305e+00
 1.57600000e-02  1.45105931e+00  1.30328305e+00
 1.57800000e-02  1.44761670e+00  1.30328305e+00
 1.58000000e-02  1.44418227e+00  1.30328305e+00
 1.58200000e-02  1.44075597e+00  1.30328305e+00
 1.58400000e-02  1.43733781e+00  1.30328305e+00
 1.58600000e-02  1.43392776e+00  1.30328305e+00
 1.58800000e-02  1.43052580e+00  1.30328305e+00
 1.59000000e-02  1.42713191e+00  1.30328305e+00
 1.59200000e-02  1.42374607e+00  1.30328305e+00
 1.59400000e-02  1.42036826e+00  1.30328305e+00
 1.59600000e-02  1.41699847e+00  1.30328305e+00
 1.59800000e-02  1.41363667e+00  1.30328305e+00
 1.60000000e-02  1.41028285e+00  1.30328305e+00
 1.60200000e-02  1.40693698e+00  1.30328305e+00
 1.60400000e-02  1.40359906e+00  1.30328305e+00
 1.60600000e-02  1.40026905e+00  1.30328305e+00
 1.60800000e-02  1.39694694e+00  1.30328305e+00
 1.61000000e-02  1.39363271e+00  1.30328305e+00
 1.61200000e-02  1.39032635e+00  1.30328305e+00
 1.61400000e-02  1.38702783e+00  1.30328305e+00
 1.61600000e-02  1.38373714e+00  1.30328305e+00
 1.61800000e-02  1.38045425e+00  1.30328305e+00
 1.62000000e-02  1.37717915e+00  1.30328305e+00
 1.62200000e-02  1.37391183e+00  1.30328305e+00
 1.62400000e-02  1.37065225e+00  1.30328305e+00
 1.62600000e-02  1.36740041e+00  1.30328305e+00
 1.62800000e-02  1.36415628e+00  1.30328305e+00
 1.63000000e-02  1.36091985e+00  1.30328305e+00
 1.63200000e-02  1.35769110e+00  1.30328305e+00
 1.63400000e-02  1.35447001e+00  1.30328305e+00
 1.63600000e-02  1.35125656e+00  1.30328305e+00
 1.63800000e-02  1.34805073e+00  1.30328305e+00
 1.64000000e-02  1.34485251e+00  1.30328305e+00
 1.64200000e-02  1.34166187e+00  1.30328305e+00
 1.64400000e-02  1.33847881e+00  1.30328305e+00
 1.64600000e-02  1.33530330e+00  1.30328305e+00
 1.64800000e-02  1.33213532e+00  1.30328305e+00
 1.65000000e-02  1.32897486e+00  1.30328305e+00
 1.65200000e-02  1.32582190e+00  1.30328305e+00
 1.65400000e-02  1.32267641e+00  1.30328305e+00
 1.65600000e-02  1.31953839e+00  1.30328305e+00
 1.65800000e-02  1.31640782e+00  1.30328305e+00
 1.66000000e-02  1.31328467e+00  1.30328305e+00
 1.66200000e-02  1.31016893e+00  1.30328305e+00
 1.66400000e-02  1.30706058e+00  1.30328305e+00
 1.66600000e-02  1.30395961e+00  1.30328305e+00
 1.66800000e-02  1.93266115e+00  1.30328305e+00
 1.67000000e-02  1.92807595e+00  1.30328305e+00
 1.67200000e-02  1.92350163e+00  1.30328305e+00
 1.67400000e-02  1.91893817e+00  1.30328305e+00
 1.67600000e-02  1.91438553e+00  1.30328305e+00
 1.67800000e-02  1.90984369e+00  1.30328305e+00
 1.68000000e-02  1.90531263e+00  1.30328305e+00
 1.68200000e-02  1.90079231e+00  1.30328305e+00
 1.68400000e-02  1.89628273e+00  1.30328305e+00
 1.68600000e-02  1.89178384e+00  1.30328305e+00
 1.68800000e-02  1.88729562e+00  1.30328305e+00
 1.69000000e-02  1.88281805e+00  1.30328305e+00
 1.69200000e-02  1.87835111e+00  1.30328305e+00
 1.69400000e-02  1.87389476e+00  1.30328305e+00
 1.69600000e-02  1.86944899e+00  1.30328305e+00
 1.69800000e-02  1.86501376e+00  1.30328305e+00
 1.70000000e-02  1.86058906e+00  1.30328305e+00
 1.70200000e-02  1.85617485e+00  1.30328305e+00
 1.70400000e-02  1.85177111e+00  1.30328305e+00
 1.70600000e-02  1.84737783e+00  1.30328305e+00
 1.70800000e-02  1.84299496e+00  1.30328305e+00
 1.71000000e-02  1.83862250e+00  1.30328305e+00
 1.71200000e-02  1.83426041e+00  1.30328305e+00
 1.71400000e-02  1.82990867e+00  1.30328305e+00
 1.71600000e-02  1.82556725e+00  1.30328305e+00
 1.71800000e-02  1.82123613e+00  1.30328305e+00
 1.72000000e-02  1.81691529e+00  1.30328305e+00
 1.72200000e-02  1.81260469e+00  1.30328305e+00
 1.72400000e-02  1.80830433e+00  1.30328305e+00
 1.72600000e-02  1.80401417e+00  1.30328305e+00
 1.72800000e-02  1.79973418e+00  1.30328305e+00
 1.73000000e-02  1.79546435e+00  1.30328305e+00
 1.73200000e-02  1.79120465e+00  1.30328305e+00
 1.73400000e-02  1.78695506e+00  1.30328305e+00
 1.73600000e-02  1.78271555e+00  1.30328305e+00
 1.73800000e-02  1.77848609e+00  1.30328305e+00
 1.74000000e-02  1.77426667e+00  1.30328305e+00
 1.74200000e-02  1.77005727e+00  1.30328305e+00
 1.74400000e-02  1.76585784e+00  1.30328305e+00
 1.74600000e-02  1.76166838e+00  1.30328305e+00
 1.74800000e-02  1.75748886e+00  1.30328305e+00
 1.75000000e-02  1.75331926e+00  1.30328305e+00
 1.75200000e-02  1.74915955e+00  1.30328305e+00
 1.75400000e-02  1.74500971e+00  1.30328305e+00
 1.75600000e-02  1.74086971e+00  1.30328305e+00
 1.75800000e-02  1.73673953e+00  1.30328305e+00
 1.76000000e-02  1.73261916e+00  1.30328305e+00
 1.76200000e-02  1.72850856e+00  1.30328305e+00
 1.76400000e-02  1.72440771e+00  1.30328305e+00
 1.76600000e-02  1.72031659e+00  1.30328305e+00
 1.76800000e-02  1.71623517e+00  1.30328305e+00
 1.77000000e-02  1.71216344e+00  1.30328305e+00
 1.77200000e-02  1.70810137e+00  1.30328305e+00
 1.77400000e-02  1.70404894e+00  1.30328305e+00
 1.77600000e-02  1.70000612e+00  1.30328305e+00
 1.77800000e-02  1.69597289e+00  1.30328305e+00
 1.78000000e-02  1.69194924e+00  1.30328305e+00
 1.78200000e-02  1.68793512e+00  1.30328305e+00
 1.78400000e-02  1.68393053e+00  1.30328305e+00
 1.78600000e-02  1.67993545e+00  1.30328305e+00
 1.78800000e-02  1.67594983e+00  1.30328305e+00
 1.79000000e-02  1.67197368e+00  1.30328305e+00
 1.79200000e-02  1.66800696e+00  1.30328305e+00
 1.79400000e-02  1.66404965e+00  1.30328305e+00
 1.79600000e-02  1.66010173e+00  1.30328305e+00
 1.79800000e-02  1.65616317e+00  1.30328305e+00
 1.80000000e-02  1.65223396e+00  1.30328305e+00
 1.80200000e-02  1.64831407e+00  1.30328305e+00
 1.80400000e-02  1.64440348e+00  1.30328305e+00
 1.80600000e-02  1.64050217e+00  1.30328305e+00
 1.80800000e-02  1.63661012e+00  1.30328305e+00
 1.81000000e-02  1.63272730e+00  1.30328305e+00
 1.81200000e-02  1.62885369e+00  1.30328305e+00
 1.81400000e-02  1.62498927e+00  1.30328305e+00
 1.81600000e-02  1.62113401e+00  1.30328305e+00
 1.81800000e-02  1.61728791e+00  1.30328305e+00
 1.82000000e-02  1.61345093e+00  1.30328305e+00
 1.82200000e-02  1.60962305e+00  1.30328305e+00
 1.82400000e-02  1.60580426e+00  1.30328305e+00
 1.82600000e-02  1.60199452e+00  1.30328305e+00
 1.82800000e-02  1.59819382e+00  1.30328305e+00
 1.83000000e-02  1.59440214e+00  1.30328305e+00
 1.83200000e-02  1.59061946e+00  1.30328305e+00
 1.83400000e-02  1.58684575e+00  1.30328305e+00
 1.83600000e-02  1.58308099e+00  1.30328305e+00
 1.83800000e-02  1.57932517e+00  1.30328305e+00
 1.84000000e-02  1.57557825e+00  1.30328305e+00
 1.84200000e-02  1.57184023e+00  1.30328305e+00
 1.84400000e-02  1.56811107e+00  1.30328305e+00
 1.84600000e-02  1.56439076e+00  1.30328305e+00
 1.84800000e-02  1.56067928e+00  1.30328305e+00
 1.85000000e-02  1.55697660e+00  1.30328305e+00
 1.85200000e-02  1.55328271e+00  1.30328305e+00
 1.85400000e-02  1.54959758e+00  1.30328305e+00
 1.85600000e-02  1.54592119e+00  1.30328305e+00
 1.85800000e-02  1.54225353e+00  1.30328305e+00
 1.86000000e-02  1.53859457e+00  1.30328305e+00
 1.86200000e-02  1.53494429e+00  1.30328305e+00
 1.86400000e-02  1.53130266e+00  1.30328305e+00
 1.86600000e-02  1.52766968e+00  1.30328305e+00
 1.86800000e-02  1.52404532e+00  1.30328305e+00
 1.87000000e-02  1.52042955e+00  1.30328305e+00
 1.87200000e-02  1.51682237e+00  1.30328305e+00
 1.87400000e-02  1.51322374e+00  1.30328305e+00
 1.87600000e-02  1.50963365e+00  1.30328305e+00
 1.87800000e-02  1.50605208e+00  1.30328305e+00
 1.88000000e-02  1.50247900e+00  1.30328305e+00
 1.88200000e-02  1.49891440e+00  1.30328305e+00
 1.88400000e-02  1.49535826e+00  1.30328305e+00
 1.88600000e-02  1.49181056e+00  1.30328305e+00
 1.88800000e-02  1.48827127e+00  1.30328305e+00
 1.89000000e-02  1.48474038e+00  1.30328305e+00
 1.89200000e-02  1.48121786e+00  1.30328305e+00
 1.89400000e-02  1.47770371e+00  1.30328305e+00
 1.89600000e-02  1.47419789e+00  1.30328305e+00
 1.89800000e-02  1.47070039e+00  1.30328305e+00
 1.90000000e-02  1.46721118e+00  1.30328305e+00
 1.90200000e-02  1.46373025e+00  1.30328305e+00
 1.90400000e-02  1.46025759e+00  1.30328305e+00
 1.90600000e-02  1.45679316e+00  1.30328305e+00
 1.90800000e-02  1.45333695e+00  1.30328305e+00
 1.91000000e-02  1.44988894e+00  1.30328305e+00
 1.91200000e-02  1.44644911e+00  1.30328305e+00
 1.91400000e-02  1.44301744e+00  1.30328305e+00
 1.91600000e-02  1.43959391e+00  1.30328305e+00
 1.91800000e-02  1.43617851e+00  1.30328305e+00
 1.92000000e-02  1.43277120e+00  1.30328305e+00
 1.92200000e-02  1.42937199e+00  1.30328305e+00
 1.92400000e-02  1.42598083e+00  1.30328305e+00
 1.92600000e-02  1.42259772e+00  1.30328305e+00
 1.92800000e-02  1.41922264e+00  1.30328305e+00
 1.93000000e-02  1.41585557e+00  1.30328305e+00
 1.93200000e-02  1.41249648e+00  1.30328305e+00
 1.93400000e-02  1.40914536e+00  1.30328305e+00
 1.93600000e-02  1.40580220e+00  1.30328305e+00
 1.93800000e-02  1.40246696e+00  1.30328305e+00
 1.94000000e-02  1.39913964e+00  1.30328305e+00
 1.94200000e-02  1.39582021e+00  1.30328305e+00
 1.94400000e-02  1.39250866e+00  1.30328305e+00
 1.94600000e-02  1.38920496e+00  1.30328305e+00
 1.94800000e-02  1.38590910e+00  1.30328305e+00
 1.95000000e-02  1.38262107e+00  1.30328305e+00
 1.95200000e-02  1.37934083e+00  1.30328305e+00
 1.95400000e-02  1.37606837e+00  1.30328305e+00
 1.95600000e-02  1.37280368e+00  1.30328305e+00
 1.95800000e-02  1.36954673e+00  1.30328305e+00
 1.96000000e-02  1.36629751e+00  1.30328305e+00
 1.96200000e-02  1.36305600e+00  1.30328305e+00
 1.96400000e-02  1.35982218e+00  1.30328305e+00
 1.96600000e-02  1.35659603e+00  1.30328305e+00
 1.96800000e-02  1.35337754e+00  1.30328305e+00
 1.97000000e-02  1.35016668e+00  1.30328305e+00
 1.97200000e-02  1.34696344e+00  1.30328305e+00
 1.97400000e-02  1.34376780e+00  1.30328305e+00
 1.97600000e-02  1.34057974e+00  1.30328305e+00
 1.97800000e-02  1.33739924e+00  1.30328305e+00
 1.98000000e-02  1.33422629e+00  1.30328305e+00
 1.98200000e-02  1.33106087e+00  1.30328305e+00
 1.98400000e-02  1.32790296e+00  1.30328305e+00
 1.98600000e-02  1.32475253e+00  1.30328305e+00
 1.98800000e-02  1.32160959e+00  1.30328305e+00
 1.99000000e-02  1.31847410e+00  1.30328305e+00
 1.99200000e-02  1.31534605e+00  1.30328305e+00
 1.99400000e-02  1.31222542e+00  1.30328305e+00
 1.99600000e-02  1.30911219e+00  1.30328305e+00
 1.99800000e-02  1.30600635e+00  1.30328305e+00
 2.00000000e-02  1.72488072e+00  1.30328305e+00
