# t v(t) i(t) q(t)
# 203 4
# 203 4
-1.00000000e+10  0.00000000e+00  0.00000000e+00  0.00000000e+00
 0.00000000e+00  0.00000000e+00  0.00000000e+00  0.00000000e+00
 0.00000000e+00  0.00000000e+00  7.10000000e-04  0.00000000e+00
 8.00000000e-05  2.21856659e+01  6.87814334e-04  5.59078781e-08
 1.60000000e-04  4.36780870e+01  6.66321913e-04  1.10068779e-07
 2.40000000e-04  6.44989256e+01  6.45501074e-04  1.62537292e-07
 3.20000000e-04  8.46691666e+01  6.25330833e-04  2.13366300e-07
 4.00000000e-04  1.04209140e+02  6.05790860e-04  2.62607032e-07
 4.80000000e-04  1.23138539e+02  5.86861461e-04  3.10309119e-07
 5.60000000e-04  1.41476444e+02  5.68523556e-04  3.56520639e-07
 6.40000000e-04  1.59241336e+02  5.50758664e-04  4.01288168e-07
 7.20000000e-04  1.76451122e+02  5.33548878e-04  4.44656827e-07
 8.00000000e-04  1.93123146e+02  5.16876854e-04  4.86670328e-07
 8.80000000e-04  2.09274213e+02  5.00725787e-04  5.27371016e-07
 9.60000000e-04  2.24920600e+02  4.85079400e-04  5.66799912e-07
 1.04000000e-03  2.40078078e+02  4.69921922e-04  6.04996757e-07
 1.12000000e-03  2.54761924e+02  4.55238076e-04  6.42000049e-07
 1.20000000e-03  2.68986938e+02  4.41013062e-04  6.77847084e-07
 1.28000000e-03  2.82767457e+02  4.27232543e-04  7.12573992e-07
 1.36000000e-03  2.96117370e+02  4.13882630e-04  7.46215773e-07
 1.44000000e-03  3.09050133e+02  4.00949867e-04  7.78806336e-07
 1.52000000e-03  3.21578781e+02  3.88421219e-04  8.10378528e-07
 1.60000000e-03  3.33715941e+02  3.76284059e-04  8.40964170e-07
 1.68000000e-03  3.45473845e+02  3.64526155e-04  8.70594091e-07
 1.76000000e-03  3.56864346e+02  3.53135654e-04  8.99298152e-07
 1.84000000e-03  3.67898923e+02  3.42101077e-04  9.27105286e-07
 1.92000000e-03  3.78588698e+02  3.31411302e-04  9.54043519e-07
 2.00000000e-03  3.88944445e+02  3.21055555e-04  9.80140002e-07
 2.08000000e-03  3.98976602e+02  3.11023398e-04  1.00542104e-06
 2.16000000e-03  4.08695280e+02  3.01304720e-04  1.02991210e-06
 2.24000000e-03  4.18110274e+02  2.91889726e-04  1.05363789e-06
 2.32000000e-03  4.27231074e+02  2.82768926e-04  1.07662231e-06
 2.40000000e-03  4.36066872e+02  2.73933128e-04  1.09888852e-06
 2.48000000e-03  4.44626575e+02  2.65373425e-04  1.12045897e-06
 2.56000000e-03  4.52918809e+02  2.57081191e-04  1.14135540e-06
 2.64000000e-03  4.60951932e+02  2.49048068e-04  1.16159887e-06
 2.72000000e-03  4.68734041e+02  2.41265959e-04  1.18120978e-06
 2.80000000e-03  4.76272979e+02  2.33727021e-04  1.20020791e-06
 2.88000000e-03  4.83576344e+02  2.26423656e-04  1.21861239e-06
 2.96000000e-03  4.90651499e+02  2.19348501e-04  1.23644178e-06
 3.04000000e-03  4.97505573e+02  2.12494427e-04  1.25371404e-06
 3.12000000e-03  5.04145475e+02  2.05854525e-04  1.27044660e-06
 3.20000000e-03  5.10577897e+02  1.99422103e-04  1.28665630e-06
 3.28000000e-03  5.16809322e+02  1.93190678e-04  1.30235949e-06
 3.36000000e-03  5.22846032e+02  1.87153968e-04  1.31757200e-06
 3.44000000e-03  5.28694110e+02  1.81305890e-04  1.33230916e-06
 3.52000000e-03  5.34359451e+02  1.75640549e-04  1.34658582e-06
 3.60000000e-03  5.39847764e+02  1.70152236e-04  1.36041637e-06
 3.68000000e-03  5.45164582e+02  1.64835418e-04  1.37381475e-06
 3.76000000e-03  5.50315263e+02  1.59684737e-04  1.38679446e-06
 3.84000000e-03  5.55304998e+02  1.54695002e-04  1.39936860e-06
 3.92000000e-03  5.60138818e+02  1.49861182e-04  1.41154982e-06
 4.00000000e-03  5.64821592e+02  1.45178408e-04  1.42335041e-06
 4.08000000e-03  5.69358043e+02  1.40641957e-04  1.43478227e-06
 4.16000000e-03  5.73752741e+02  1.36247259e-04  1.44585691e-06
 4.24000000e-03  5.78010115e+02  1.31989885e-04  1.45658549e-06
 4.32000000e-03  5.82134458e+02  1.27865542e-04  1.46697884e-06
 4.40000000e-03  5.86129926e+02  1.23870074e-04  1.47704741e-06
 4.48000000e-03  5.90000546e+02  1.19999454e-04  1.48680138e-06
 4.56000000e-03  5.93750219e+02  1.16249781e-04  1.49625055e-06
 4.64000000e-03  5.97382724e+02  1.12617276e-04  1.50540447e-06
 4.72000000e-03  6.00901723e+02  1.09098277e-04  1.51427234e-06
 4.80000000e-03  6.04310763e+02  1.05689237e-04  1.52286312e-06
 4.88000000e-03  6.07613278e+02  1.02386722e-04  1.53118546e-06
 4.96000000e-03  6.10812599e+02  9.91874012e-05  1.53924775e-06
 5.04000000e-03  6.13911949e+02  9.60880511e-05  1.54705811e-06
 5.12000000e-03  6.16914452e+02  9.30855477e-05  1.55462442e-06
 5.20000000e-03  6.19823135e+02  9.01768648e-05  1.56195430e-06
 5.28000000e-03  6.22640929e+02  8.73590707e-05  1.56905514e-06
 5.36000000e-03  6.25370675e+02  8.46293254e-05  1.57593410e-06
 5.44000000e-03  6.28015122e+02  8.19848776e-05  1.58259811e-06
 5.52000000e-03  6.30576938e+02  7.94230620e-05  1.58905388e-06
 5.60000000e-03  6.33058704e+02  7.69412965e-05  1.59530793e-06
 5.68000000e-03  6.35462920e+02  7.45370797e-05  1.60136656e-06
 5.76000000e-03  6.37792011e+02  7.22079885e-05  1.60723587e-06
 5.84000000e-03  6.40048325e+02  6.99516754e-05  1.61292178e-06
 5.92000000e-03  6.42234134e+02  6.77658663e-05  1.61843002e-06
 6.00000000e-03  6.44351642e+02  6.56483580e-05  1.62376614e-06
 6.08000000e-03  6.46402984e+02  6.35970164e-05  1.62893552e-06
 6.16000000e-03  6.48390226e+02  6.16097739e-05  1.63394337e-06
 6.24000000e-03  6.50315372e+02  5.96846276e-05  1.63879474e-06
 6.32000000e-03  6.52180363e+02  5.78196372e-05  1.64349451e-06
 6.40000000e-03  6.53987077e+02  5.60129229e-05  1.64804743e-06
 6.48000000e-03  6.55737336e+02  5.42626638e-05  1.65245809e-06
 6.56000000e-03  6.57432904e+02  5.25670957e-05  1.65673092e-06
 6.64000000e-03  6.59075490e+02  5.09245097e-05  1.66087024e-06
 6.72000000e-03  6.60666750e+02  4.93332504e-05  1.66488021e-06
 6.80000000e-03  6.62208286e+02  4.77917137e-05  1.66876488e-06
 6.88000000e-03  6.63701654e+02  4.62983461e-05  1.67252817e-06
 6.96000000e-03  6.65148358e+02  4.48516424e-05  1.67617386e-06
 7.04000000e-03  6.66549856e+02  4.34501445e-05  1.67970564e-06
 7.12000000e-03  6.67907560e+02  4.20924397e-05  1.68312705e-06
 7.20000000e-03  6.69222840e+02  4.07771597e-05  1.68644156e-06
 7.28000000e-03  6.70497021e+02  3.95029788e-05  1.68965249e-06
 7.36000000e-03  6.71731387e+02  3.82686127e-05  1.69276310e-06
 7.44000000e-03  6.72927183e+02  3.70728174e-05  1.69577650e-06
 7.52000000e-03  6.74085612e+02  3.59143877e-05  1.69869574e-06
 7.60000000e-03  6.75207844e+02  3.47921558e-05  1.70152377e-06
 7.68000000e-03  6.76295009e+02  3.37049908e-05  1.70426342e-06
 7.76000000e-03  6.77348203e+02  3.26517969e-05  1.70691747e-06
 7.84000000e-03  6.78368487e+02  3.16315126e-05  1.70948859e-06
 7.92000000e-03  6.79356890e+02  3.06431096e-05  1.71197936e-06
 8.00000000e-03  6.80314408e+02  2.96855916e-05  1.71439231e-06
 8.12000000e-03  6.48677717e+02  6.48677717e-04  1.63466785e-06
 8.24000000e-03  6.18512228e+02  6.18512228e-04  1.55865081e-06
 8.36000000e-03  5.89749526e+02  5.89749526e-04  1.48616880e-06
 8.48000000e-03  5.62324377e+02  5.62324377e-04  1.41705743e-06
 8.60000000e-03  5.36174581e+02  5.36174581e-04  1.35115994e-06
 8.72000000e-03  5.11240830e+02  5.11240830e-04  1.28832689e-06
 8.84000000e-03  4.87466575e+02  4.87466575e-04  1.22841577e-06
 8.96000000e-03  4.64797895e+02  4.64797895e-04  1.17129069e-06
 9.08000000e-03  4.43183377e+02  4.43183377e-04  1.11682211e-06
 9.20000000e-03  4.22574000e+02  4.22574000e-04  1.06488648e-06
 9.32000000e-03  4.02923023e+02  4.02923023e-04  1.01536602e-06
 9.44000000e-03  3.84185875e+02  3.84185875e-04  9.68148405e-07
 9.56000000e-03  3.66320062e+02  3.66320062e-04  9.23126556e-07
 9.68000000e-03  3.49285064e+02  3.49285064e-04  8.80198360e-07
 9.80000000e-03  3.33042245e+02  3.33042245e-04  8.39266456e-07
 9.92000000e-03  3.17554766e+02  3.17554766e-04  8.00238010e-07
 1.00400000e-02  3.02787502e+02  3.02787502e-04  7.63024506e-07
 1.01600000e-02  2.88706961e+02  2.88706961e-04  7.27541543e-07
 1.02800000e-02  2.75281209e+02  2.75281209e-04  6.93708646e-07
 1.04000000e-02  2.62479794e+02  2.62479794e-04  6.61449081e-07
 1.05200000e-02  2.50273684e+02  2.50273684e-04  6.30689685e-07
 1.06400000e-02  2.38635196e+02  2.38635196e-04  6.01360694e-07
 1.07600000e-02  2.27537933e+02  2.27537933e-04  5.73395590e-07
 1.08800000e-02  2.16956726e+02  2.16956726e-04  5.46730949e-07
 1.10000000e-02  2.06867577e+02  2.06867577e-04  5.21306295e-07
 1.11200000e-02  1.97247605e+02  1.97247605e-04  4.97063965e-07
 1.12400000e-02  1.88074991e+02  1.88074991e-04  4.73948977e-07
 1.13600000e-02  1.79328931e+02  1.79328931e-04  4.51908906e-07
 1.14800000e-02  1.70989590e+02  1.70989590e-04  4.30893766e-07
 1.16000000e-02  1.63038053e+02  1.63038053e-04  4.10855894e-07
 1.17200000e-02  1.55456287e+02  1.55456287e-04  3.91749844e-07
 1.18400000e-02  1.48227096e+02  1.48227096e-04  3.73532283e-07
 1.19600000e-02  1.41334085e+02  1.41334085e-04  3.56161894e-07
 1.20800000e-02  1.34761620e+02  1.34761620e-04  3.39599282e-07
 1.22000000e-02  1.28494794e+02  1.28494794e-04  3.23806881e-07
 1.23200000e-02  1.22519395e+02  1.22519395e-04  3.08748875e-07
 1.24400000e-02  1.16821870e+02  1.16821870e-04  2.94391112e-07
 1.25600000e-02  1.11389297e+02  1.11389297e-04  2.80701029e-07
 1.26800000e-02  1.06209356e+02  1.06209356e-04  2.67647576e-07
 1.28000000e-02  1.01270297e+02  1.01270297e-04  2.55201149e-07
 1.29200000e-02  9.65609200e+01  9.65609200e-05  2.43333518e-07
 1.30400000e-02  9.20705432e+01  9.20705432e-05  2.32017769e-07
 1.31600000e-02  8.77889825e+01  8.77889825e-05  2.21228236e-07
 1.32800000e-02  8.37065275e+01  8.37065275e-05  2.10940449e-07
 1.34000000e-02  7.98139191e+01  7.98139191e-05  2.01131076e-07
 1.35200000e-02  7.61023288e+01  7.61023288e-05  1.91777869e-07
 1.36400000e-02  7.25633388e+01  7.25633388e-05  1.82859614e-07
 1.37600000e-02  6.91889225e+01  6.91889225e-05  1.74356085e-07
 1.38800000e-02  6.59714270e+01  6.59714270e-05  1.66247996e-07
 1.40000000e-02  6.29035547e+01  6.29035547e-05  1.58516958e-07
 1.41200000e-02  5.99783479e+01  5.99783479e-05  1.51145437e-07
 1.42400000e-02  5.71891720e+01  5.71891720e-05  1.44116714e-07
 1.43600000e-02  5.45297014e+01  5.45297014e-05  1.37414848e-07
 1.44800000e-02  5.19939042e+01  5.19939042e-05  1.31024639e-07
 1.46000000e-02  4.95760293e+01  4.95760293e-05  1.24931594e-07
 1.47200000e-02  4.72705930e+01  4.72705930e-05  1.19121894e-07
 1.48400000e-02  4.50723665e+01  4.50723665e-05  1.13582364e-07
 1.49600000e-02  4.29763642e+01  4.29763642e-05  1.08300438e-07
 1.50800000e-02  4.09778324e+01  4.09778324e-05  1.03264138e-07
 1.52000000e-02  3.90722384e+01  3.90722384e-05  9.84620408e-08
 1.53200000e-02  3.72552603e+01  3.72552603e-05  9.38832560e-08
 1.54400000e-02  3.55227773e+01  3.55227773e-05  8.95173987e-08
 1.55600000e-02  3.38708600e+01  3.38708600e-05  8.53545671e-08
 1.56800000e-02  3.22957618e+01  3.22957618e-05  8.13853198e-08
 1.58000000e-02  3.07939106e+01  3.07939106e-05  7.76006546e-08
 1.59200000e-02  2.93618999e+01  2.93618999e-05  7.39919879e-08
 1.60400000e-02  2.79964822e+01  2.79964822e-05  7.05511351e-08
 1.61600000e-02  2.66945605e+01  2.66945605e-05  6.72702925e-08
 1.62800000e-02  2.54531822e+01  2.54531822e-05  6.41420190e-08
 1.64000000e-02  2.42695317e+01  2.42695317e-05  6.11592198e-08
 1.65200000e-02  2.31409246e+01  2.31409246e-05  5.83151299e-08
 1.66400000e-02  2.20648011e+01  2.20648011e-05  5.56032988e-08
 1.67600000e-02  2.10387207e+01  2.10387207e-05  5.30175760e-08
 1.68800000e-02  2.00603561e+01  2.00603561e-05  5.05520973e-08
 1.70000000e-02  1.91274884e+01  1.91274884e-05  4.82012708e-08
 1.71200000e-02  1.82380020e+01  1.82380020e-05  4.59597650e-08
 1.72400000e-02  1.73898793e+01  1.73898793e-05  4.38224959e-08
 1.73600000e-02  1.65811970e+01  1.65811970e-05  4.17846164e-08
 1.74800000e-02  1.58101208e+01  1.58101208e-05  3.98415045e-08
 1.76000000e-02  1.50749021e+01  1.50749021e-05  3.79887532e-08
 1.77200000e-02  1.43738732e+01  1.43738732e-05  3.62221605e-08
 1.78400000e-02  1.37054444e+01  1.37054444e-05  3.45377198e-08
 1.79600000e-02  1.30680995e+01  1.30680995e-05  3.29316106e-08
 1.80800000e-02  1.24603930e+01  1.24603930e-05  3.14001905e-08
 1.82000000e-02  1.18809468e+01  1.18809468e-05  2.99399860e-08
 1.83200000e-02  1.13284466e+01  1.13284466e-05  2.85476855e-08
 1.84400000e-02  1.08016393e+01  1.08016393e-05  2.72201311e-08
 1.85600000e-02  1.02993302e+01  1.02993302e-05  2.59543122e-08
 1.86800000e-02  9.82038000e+00  9.82038000e-06  2.47473576e-08
 1.88000000e-02  9.36370243e+00  9.36370243e-06  2.35965301e-08
 1.89200000e-02  8.92826175e+00  8.92826175e-06  2.24992196e-08
 1.90400000e-02  8.51307039e+00  8.51307039e-06  2.14529374e-08
 1.91600000e-02  8.11718670e+00  8.11718670e-06  2.04553105e-08
 1.92800000e-02  7.73971280e+00  7.73971280e-06  1.95040762e-08
 1.94000000e-02  7.37979258e+00  7.37979258e-06  1.85970773e-08
 1.95200000e-02  7.03660975e+00  7.03660975e-06  1.77322566e-08
 1.96400000e-02  6.70938597e+00  6.70938597e-06  1.69076527e-08
 1.97600000e-02  6.39737909e+00  6.39737909e-06  1.61213953e-08
 1.98800000e-02  6.09988149e+00  6.09988149e-06  1.53717013e-08
 2.00000000e-02  5.81621842e+00  5.81621842e-06  1.46568704e-08
