# t v(t) i(t) q(t)
# 203 4
# 203 4
-1.00000000e+10  0.00000000e+00  0.00000000e+00  0.00000000e+00
 0.00000000e+00  0.00000000e+00  0.00000000e+00  0.00000000e+00
 0.00000000e+00  0.00000000e+00  7.10000000e-04  0.00000000e+00
 3.00000000e-05  8.40226822e+00  7.01597732e-04  2.11737159e-08
 6.00000000e-05  1.67051025e+01  6.93294898e-04  4.20968582e-08
 9.00000000e-05  2.49096795e+01  6.85090321e-04  6.27723923e-08
 1.20000000e-04  3.30171621e+01  6.76982838e-04  8.32032484e-08
 1.50000000e-04  4.10286992e+01  6.68971301e-04  1.03392322e-07
 1.80000000e-04  4.89454264e+01  6.61054574e-04  1.23342475e-07
 2.10000000e-04  5.67684656e+01  6.53231534e-04  1.43056533e-07
 2.40000000e-04  6.44989256e+01  6.45501074e-04  1.62537292e-07
 2.70000000e-04  7.21379018e+01  6.37862098e-04  1.81787513e-07
 3.00000000e-04  7.96864771e+01  6.30313523e-04  2.00809922e-07
 3.30000000e-04  8.71457212e+01  6.22854279e-04  2.19607217e-07
 3.60000000e-04  9.45166912e+01  6.15483309e-04  2.38182062e-07
 3.90000000e-04  1.01800432e+02  6.08199568e-04  2.56537088e-07
 4.20000000e-04  1.08997975e+02  6.01002025e-04  2.74674898e-07
 4.50000000e-04  1.16110342e+02  5.93889658e-04  2.92598061e-07
 4.80000000e-04  1.23138539e+02  5.86861461e-04  3.10309119e-07
 5.10000000e-04  1.30083564e+02  5.79916436e-04  3.27810581e-07
 5.40000000e-04  1.36946400e+02  5.73053600e-04  3.45104927e-07
 5.70000000e-04  1.43728019e+02  5.66271981e-04  3.62194609e-07
 6.00000000e-04  1.50429384e+02  5.59570616e-04  3.79082048e-07
 6.30000000e-04  1.57051444e+02  5.52948556e-04  3.95769639e-07
 6.60000000e-04  1.63595137e+02  5.46404863e-04  4.12259745e-07
 6.90000000e-04  1.70061391e+02  5.39938609e-04  4.28554705e-07
 7.20000000e-04  1.76451122e+02  5.33548878e-04  4.44656827e-07
 7.50000000e-04  1.82765236e+02  5.27234764e-04  4.60568394e-07
 7.80000000e-04  1.89004627e+02  5.20995373e-04  4.76291660e-07
 8.10000000e-04  1.95170180e+02  5.14829820e-04  4.91828855e-07
 8.40000000e-04  2.01262769e+02  5.08737231e-04  5.07182179e-07
 8.70000000e-04  2.07283258e+02  5.02716742e-04  5.22353810e-07
 9.00000000e-04  2.13232498e+02  4.96767502e-04  5.37345896e-07
 9.30000000e-04  2.19111335e+02  4.90888665e-04  5.52160564e-07
 9.60000000e-04  2.24920600e+02  4.85079400e-04  5.66799912e-07
 9.90000000e-04  2.30661117e+02  4.79338883e-04  5.81266015e-07
 1.02000000e-03  2.36333700e+02  4.73666300e-04  5.95560924e-07
 1.05000000e-03  2.41939153e+02  4.68060847e-04  6.09686664e-07
 1.08000000e-03  2.47478269e+02  4.62521731e-04  6.23645238e-07
 1.11000000e-03  2.52951835e+02  4.57048165e-04  6.37438624e-07
 1.14000000e-03  2.58360625e+02  4.51639375e-04  6.51068776e-07
 1.17000000e-03  2.63705407e+02  4.46294593e-04  6.64537626e-07
 1.20000000e-03  2.68986938e+02  4.41013062e-04  6.77847084e-07
 1.23000000e-03  2.74205966e+02  4.35794034e-04  6.90999035e-07
 1.26000000e-03  2.79363232e+02  4.30636768e-04  7.03995344e-07
 1.29000000e-03  2.84459465e+02  4.25540535e-04  7.16837852e-07
 1.32000000e-03  2.89495388e+02  4.20504612e-04  7.29528379e-07
 1.35000000e-03  2.94471716e+02  4.15528284e-04  7.42068724e-07
 1.38000000e-03  2.99389153e+02  4.10610847e-04  7.54460665e-07
 1.41000000e-03  3.04248396e+02  4.05751604e-04  7.66705957e-07
 1.44000000e-03  3.09050133e+02  4.00949867e-04  7.78806336e-07
 1.47000000e-03  3.13795047e+02  3.96204953e-04  7.90763517e-07
 1.50000000e-03  3.18483807e+02  3.91516193e-04  8.02579195e-07
 1.53000000e-03  3.23117081e+02  3.86882919e-04  8.14255044e-07
 1.56000000e-03  3.27695523e+02  3.82304477e-04  8.25792718e-07
 1.59000000e-03  3.32219783e+02  3.77780217e-04  8.37193854e-07
 1.62000000e-03  3.36690503e+02  3.73309497e-04  8.48460067e-07
 1.65000000e-03  3.41108315e+02  3.68891685e-04  8.59592953e-07
 1.68000000e-03  3.45473845e+02  3.64526155e-04  8.70594091e-07
 1.71000000e-03  3.49787714e+02  3.60212286e-04  8.81465039e-07
 1.74000000e-03  3.54050531e+02  3.55949469e-04  8.92207338e-07
 1.77000000e-03  3.58262901e+02  3.51737099e-04  9.02822511e-07
 1.80000000e-03  3.62425422e+02  3.47574578e-04  9.13312063e-07
 1.83000000e-03  3.66538682e+02  3.43461318e-04  9.23677479e-07
 1.86000000e-03  3.70603265e+02  3.39396735e-04  9.33920229e-07
 1.89000000e-03  3.74619748e+02  3.35380252e-04  9.44041764e-07
 1.92000000e-03  3.78588698e+02  3.31411302e-04  9.54043519e-07
 1.95000000e-03  3.82510679e+02  3.27489321e-04  9.63926912e-07
 1.98000000e-03  3.86386247e+02  3.23613753e-04  9.73693342e-07
 2.01000000e-03  3.90215951e+02  3.19784049e-04  9.83344195e-07
 2.04000000e-03  3.94000333e+02  3.15999667e-04  9.92880839e-07
 2.07000000e-03  3.97739930e+02  3.12260070e-04  1.00230462e-06
 2.10000000e-03  4.01435272e+02  3.08564728e-04  1.01161689e-06
 2.13000000e-03  4.05086883e+02  3.04913117e-04  1.02081894e-06
 2.16000000e-03  4.08695280e+02  3.01304720e-04  1.02991210e-06
 2.19000000e-03  4.12260974e+02  2.97739026e-04  1.03889765e-06
 2.22000000e-03  4.15784471e+02  2.94215529e-04  1.04777687e-06
 2.25000000e-03  4.19266271e+02  2.90733729e-04  1.05655100e-06
 2.28000000e-03  4.22706867e+02  2.87293133e-04  1.06522130e-06
 2.31000000e-03  4.26106745e+02  2.83893255e-04  1.07378900e-06
 2.34000000e-03  4.29466389e+02  2.80533611e-04  1.08225530e-06
 2.37000000e-03  4.32786275e+02  2.77213725e-04  1.09062141e-06
 2.40000000e-03  4.36066872e+02  2.73933128e-04  1.09888852e-06
 2.43000000e-03  4.39308646e+02  2.70691354e-04  1.10705779e-06
 2.46000000e-03  4.42512057e+02  2.67487943e-04  1.11513038e-06
 2.49000000e-03  4.45677557e+02  2.64322443e-04  1.12310744e-06
 2.52000000e-03  4.48805597e+02  2.61194403e-04  1.13099010e-06
 2.55000000e-03  4.51896619e+02  2.58103381e-04  1.13877948e-06
 2.58000000e-03  4.54951061e+02  2.55048939e-04  1.14647667e-06
 2.61000000e-03  4.57969356e+02  2.52030644e-04  1.15408278e-06
 2.64000000e-03  4.60951932e+02  2.49048068e-04  1.16159887e-06
 2.67000000e-03  4.63899212e+02  2.46100788e-04  1.16902601e-06
 2.70000000e-03  4.66811613e+02  2.43188387e-04  1.17636526e-06
 2.73000000e-03  4.69689548e+02  2.40310452e-04  1.18361766e-06
 2.76000000e-03  4.72533425e+02  2.37466575e-04  1.19078423e-06
 2.79000000e-03  4.75343648e+02  2.34656352e-04  1.19786599e-06
 2.82000000e-03  4.78120613e+02  2.31879387e-04  1.20486395e-06
 2.85000000e-03  4.80864716e+02  2.29135284e-04  1.21177908e-06
 2.88000000e-03  4.83576344e+02  2.26423656e-04  1.21861239e-06
 2.91000000e-03  4.86255883e+02  2.23744117e-04  1.22536482e-06
 2.94000000e-03  4.88903711e+02  2.21096289e-04  1.23203735e-06
 2.97000000e-03  4.91520204e+02  2.18479796e-04  1.23863092e-06
 3.00000000e-03  4.94105734e+02  2.15894266e-04  1.24514645e-06
 3.17000000e-03  4.61872654e+02  4.61872654e-04  1.16391909e-06
 3.34000000e-03  4.31742306e+02  4.31742306e-04  1.08799061e-06
 3.51000000e-03  4.03577516e+02  4.03577516e-04  1.01701534e-06
 3.68000000e-03  3.77250061e+02  3.77250061e-04  9.50670155e-07
 3.85000000e-03  3.52640083e+02  3.52640083e-04  8.88653010e-07
 4.02000000e-03  3.29635542e+02  3.29635542e-04  8.30681565e-07
 4.19000000e-03  3.08131706e+02  3.08131706e-04  7.76491899e-07
 4.36000000e-03  2.88030677e+02  2.88030677e-04  7.25837305e-07
 4.53000000e-03  2.69240942e+02  2.69240942e-04  6.78487173e-07
 4.70000000e-03  2.51676959e+02  2.51676959e-04  6.34225936e-07
 4.87000000e-03  2.35258766e+02  2.35258766e-04  5.92852089e-07
 5.04000000e-03  2.19911616e+02  2.19911616e-04  5.54177273e-07
 5.21000000e-03  2.05565641e+02  2.05565641e-04  5.18025415e-07
 5.38000000e-03  1.92155528e+02  1.92155528e-04  4.84231931e-07
 5.55000000e-03  1.79620226e+02  1.79620226e-04  4.52642970e-07
 5.72000000e-03  1.67902667e+02  1.67902667e-04  4.23114722e-07
 5.89000000e-03  1.56949506e+02  1.56949506e-04  3.95512754e-07
 6.06000000e-03  1.46710875e+02  1.46710875e-04  3.69711406e-07
 6.23000000e-03  1.37140164e+02  1.37140164e-04  3.45593214e-07
 6.40000000e-03  1.28193800e+02  1.28193800e-04  3.23048376e-07
 6.57000000e-03  1.19831054e+02  1.19831054e-04  3.01974255e-07
 6.74000000e-03  1.12013852e+02  1.12013852e-04  2.82274908e-07
 6.91000000e-03  1.04706608e+02  1.04706608e-04  2.63860652e-07
 7.08000000e-03  9.78760528e+01  9.78760528e-05  2.46647653e-07
 7.25000000e-03  9.14910903e+01  9.14910903e-05  2.30557548e-07
 7.42000000e-03  8.55226520e+01  8.55226520e-05  2.15517083e-07
 7.59000000e-03  7.99435658e+01  7.99435658e-05  2.01457786e-07
 7.76000000e-03  7.47284324e+01  7.47284324e-05  1.88315650e-07
 7.93000000e-03  6.98535092e+01  6.98535092e-05  1.76030843e-07
 8.10000000e-03  6.52966025e+01  6.52966025e-05  1.64547438e-07
 8.27000000e-03  6.10369665e+01  6.10369665e-05  1.53813156e-07
 8.44000000e-03  5.70552086e+01  5.70552086e-05  1.43779126e-07
 8.61000000e-03  5.33332015e+01  5.33332015e-05  1.34399668e-07
 8.78000000e-03  4.98540001e+01  4.98540001e-05  1.25632080e-07
 8.95000000e-03  4.66017652e+01  4.66017652e-05  1.17436448e-07
 9.12000000e-03  4.35616903e+01  4.35616903e-05  1.09775460e-07
 9.29000000e-03  4.07199353e+01  4.07199353e-05  1.02614237e-07
 9.46000000e-03  3.80635628e+01  3.80635628e-05  9.59201782e-08
 9.63000000e-03  3.55804792e+01  3.55804792e-05  8.96628075e-08
 9.80000000e-03  3.32593800e+01  3.32593800e-05  8.38136375e-08
 9.97000000e-03  3.10896981e+01  3.10896981e-05  7.83460393e-08
 1.01400000e-02  2.90615559e+01  2.90615559e-05  7.32351208e-08
 1.03100000e-02  2.71657199e+01  2.71657199e-05  6.84576141e-08
 1.04800000e-02  2.53935591e+01  2.53935591e-05  6.39917689e-08
 1.06500000e-02  2.37370055e+01  2.37370055e-05  5.98172539e-08
 1.08200000e-02  2.21885175e+01  2.21885175e-05  5.59150642e-08
 1.09900000e-02  2.07410455e+01  2.07410455e-05  5.22674346e-08
 1.11600000e-02  1.93879995e+01  1.93879995e-05  4.88577587e-08
 1.13300000e-02  1.81232197e+01  1.81232197e-05  4.56705137e-08
 1.15000000e-02  1.69409481e+01  1.69409481e-05  4.26911893e-08
 1.16700000e-02  1.58358022e+01  1.58358022e-05  3.99062216e-08
 1.18400000e-02  1.48027507e+01  1.48027507e-05  3.73029318e-08
 1.20100000e-02  1.38370905e+01  1.38370905e-05  3.48694681e-08
 1.21800000e-02  1.29344253e+01  1.29344253e-05  3.25947518e-08
 1.23500000e-02  1.20906457e+01  1.20906457e-05  3.04684271e-08
 1.25200000e-02  1.13019102e+01  1.13019102e-05  2.84808136e-08
 1.26900000e-02  1.05646279e+01  1.05646279e-05  2.66228624e-08
 1.28600000e-02  9.87544248e+00  9.87544248e-06  2.48861150e-08
 1.30300000e-02  9.23121615e+00  9.23121615e-06  2.32626647e-08
 1.32000000e-02  8.62901604e+00  8.62901604e-06  2.17451204e-08
 1.33700000e-02  8.06610057e+00  8.06610057e-06  2.03265734e-08
 1.35400000e-02  7.53990700e+00  7.53990700e-06  1.90005656e-08
 1.37100000e-02  7.04803976e+00  7.04803976e-06  1.77610602e-08
 1.38800000e-02  6.58825958e+00  6.58825958e-06  1.66024141e-08
 1.40500000e-02  6.15847324e+00  6.15847324e-06  1.55193526e-08
 1.42200000e-02  5.75672409e+00  5.75672409e-06  1.45069447e-08
 1.43900000e-02  5.38118312e+00  5.38118312e-06  1.35605815e-08
 1.45600000e-02  5.03014064e+00  5.03014064e-06  1.26759544e-08
 1.47300000e-02  4.70199847e+00  4.70199847e-06  1.18490362e-08
 1.49000000e-02  4.39526273e+00  4.39526273e-06  1.10760621e-08
 1.50700000e-02  4.10853694e+00  4.10853694e-06  1.03535131e-08
 1.52400000e-02  3.84051577e+00  3.84051577e-06  9.67809974e-09
 1.54100000e-02  3.58997901e+00  3.58997901e-06  9.04674711e-09
 1.55800000e-02  3.35578606e+00  3.35578606e-06  8.45658087e-09
 1.57500000e-02  3.13687073e+00  3.13687073e-06  7.90491424e-09
 1.59200000e-02  2.93223639e+00  2.93223639e-06  7.38923569e-09
 1.60900000e-02  2.74095140e+00  2.74095140e-06  6.90719752e-09
 1.62600000e-02  2.56214492e+00  2.56214492e-06  6.45660521e-09
 1.64300000e-02  2.39500292e+00  2.39500292e-06  6.03540736e-09
 1.66000000e-02  2.23876446e+00  2.23876446e-06  5.64168644e-09
 1.67700000e-02  2.09271824e+00  2.09271824e-06  5.27364997e-09
 1.69400000e-02  1.95619938e+00  1.95619938e-06  4.92962244e-09
 1.71100000e-02  1.82858635e+00  1.82858635e-06  4.60803760e-09
 1.72800000e-02  1.70929818e+00  1.70929818e-06  4.30743141e-09
 1.74500000e-02  1.59779179e+00  1.59779179e-06  4.02643532e-09
 1.76200000e-02  1.49355955e+00  1.49355955e-06  3.76377006e-09
 1.77900000e-02  1.39612691e+00  1.39612691e-06  3.51823982e-09
 1.79600000e-02  1.30505031e+00  1.30505031e-06  3.28872679e-09
 1.81300000e-02  1.21991511e+00  1.21991511e-06  3.07418608e-09
 1.83000000e-02  1.14033372e+00  1.14033372e-06  2.87364098e-09
 1.84700000e-02  1.06594384e+00  1.06594384e-06  2.68617848e-09
 1.86400000e-02  9.96406795e-01  9.96406795e-07  2.51094512e-09
 1.88100000e-02  9.31406012e-01  9.31406012e-07  2.34714315e-09
 1.89800000e-02  8.70645567e-01  8.70645567e-07  2.19402683e-09
 1.91500000e-02  8.13848842e-01  8.13848842e-07  2.05089908e-09
 1.93200000e-02  7.60757261e-01  7.60757261e-07  1.91710830e-09
 1.94900000e-02  7.11129119e-01  7.11129119e-07  1.79204538e-09
 1.96600000e-02  6.64738479e-01  6.64738479e-07  1.67514097e-09
 1.98300000e-02  6.21374140e-01  6.21374140e-07  1.56586283e-09
 2.00000000e-02  5.80838682e-01  5.80838682e-07  1.46371348e-09
