# x1 x2
# 201 2
# 201 2
 0.00000000e+00  0.00000000e+00
 1.00000000e-01  3.25202967e+09
 2.00000000e-01  6.28290038e+10
 3.00000000e-01  1.53917087e+11
 4.00000000e-01  2.51702443e+11
 5.00000000e-01  3.31373531e+11
 6.00000000e-01  3.76947914e+11
 7.00000000e-01  4.01258014e+11
 8.00000000e-01  4.22443239e+11
 9.00000000e-01  4.46508316e+11
 1.00000000e+00  4.67744328e+11
 1.10000000e+00  4.81148495e+11
 1.20000000e+00  4.86878423e+11
 1.30000000e+00  4.86527606e+11
 1.40000000e+00  4.82586486e+11
 1.50000000e+00  4.78576196e+11
 1.60000000e+00  4.76968305e+11
 1.70000000e+00  4.74855932e+11
 1.80000000e+00  4.68064806e+11
 1.90000000e+00  4.56557025e+11
 2.00000000e+00  4.42914499e+11
 2.10000000e+00  4.29247146e+11
 2.20000000e+00  4.16419964e+11
 2.30000000e+00  4.05104444e+11
 2.40000000e+00  3.95675366e+11
 2.50000000e+00  3.88140089e+11
 2.60000000e+00  3.81947874e+11
 2.70000000e+00  3.75229431e+11
 2.80000000e+00  3.65965922e+11
 2.90000000e+00  3.53998968e+11
 3.00000000e+00  3.41543601e+11
 3.10000000e+00  3.30391043e+11
 3.20000000e+00  3.20866306e+11
 3.30000000e+00  3.12997971e+11
 3.40000000e+00  3.05982325e+11
 3.50000000e+00  2.98455735e+11
 3.60000000e+00  2.89445937e+11
 3.70000000e+00  2.80200182e+11
 3.80000000e+00  2.72565616e+11
 3.90000000e+00  2.66295633e+11
 4.00000000e+00  2.59688013e+11
 4.10000000e+00  2.51835240e+11
 4.20000000e+00  2.44072096e+11
 4.30000000e+00  2.37972678e+11
 4.40000000e+00  2.33220818e+11
 4.50000000e+00  2.28133177e+11
 4.60000000e+00  2.21679968e+11
 4.70000000e+00  2.14784751e+11
 4.80000000e+00  2.08635753e+11
 4.90000000e+00  2.03224723e+11
 5.00000000e+00  1.97636112e+11
 5.10000000e+00  1.91469143e+11
 5.20000000e+00  1.85937004e+11
 5.30000000e+00  1.82428790e+11
 5.40000000e+00  1.80350803e+11
 5.50000000e+00  1.77530611e+11
 5.60000000e+00  1.72645304e+11
 5.70000000e+00  1.67234524e+11
 5.80000000e+00  1.63092742e+11
 5.90000000e+00  1.59782032e+11
 6.00000000e+00  1.55906612e+11
 6.10000000e+00  1.50700560e+11
 6.20000000e+00  1.45561203e+11
 6.30000000e+00  1.42082026e+11
 6.40000000e+00  1.39859042e+11
 6.50000000e+00  1.37585113e+11
 6.60000000e+00  1.34593143e+11
 6.70000000e+00  1.31365538e+11
 6.80000000e+00  1.28485219e+11
 6.90000000e+00  1.26385700e+11
 7.00000000e+00  1.25420821e+11
 7.10000000e+00  1.25178315e+11
 7.20000000e+00  1.23782283e+11
 7.30000000e+00  1.19533548e+11
 7.40000000e+00  1.13795620e+11
 7.50000000e+00  1.09535677e+11
 7.60000000e+00  1.08015620e+11
 7.70000000e+00  1.06981412e+11
 7.80000000e+00  1.04065197e+11
 7.90000000e+00  9.99680440e+10
 8.00000000e+00  9.71111723e+10
 8.10000000e+00  9.65805987e+10
 8.20000000e+00  9.64893988e+10
 8.30000000e+00  9.47842215e+10
 8.40000000e+00  9.18469901e+10
 8.50000000e+00  8.95291570e+10
 8.60000000e+00  8.87023428e+10
 8.70000000e+00  8.78633352e+10
 8.80000000e+00  8.53463085e+10
 8.90000000e+00  8.16276317e+10
 9.00000000e+00  7.85486082e+10
 9.10000000e+00  7.68591682e+10
 9.20000000e+00  7.58712820e+10
 9.30000000e+00  7.49052411e+10
 9.40000000e+00  7.38597467e+10
 9.50000000e+00  7.28328673e+10
 9.60000000e+00  7.18442004e+10
 9.70000000e+00  7.08039839e+10
 9.80000000e+00  6.96556066e+10
 9.90000000e+00  6.85948034e+10
 1.00000000e+01  6.79034286e+10
 1.01000000e+01  6.73494148e+10
 1.02000000e+01  6.59287592e+10
 1.03000000e+01  6.28723930e+10
 1.04000000e+01  5.94121695e+10
 1.05000000e+01  5.75812028e+10
 1.06000000e+01  5.80024356e+10
 1.07000000e+01  5.90206273e+10
 1.08000000e+01  5.89851249e+10
 1.09000000e+01  5.77956723e+10
 1.10000000e+01  5.60415622e+10
 1.11000000e+01  5.42277088e+10
 1.12000000e+01  5.27056088e+10
 1.13000000e+01  5.16627494e+10
 1.14000000e+01  5.07360233e+10
 1.15000000e+01  4.94673137e+10
 1.16000000e+01  4.81110521e+10
 1.17000000e+01  4.76144709e+10
 1.18000000e+01  4.84677924e+10
 1.19000000e+01  4.91966501e+10
 1.20000000e+01  4.79140446e+10
 1.21000000e+01  4.48623549e+10
 1.22000000e+01  4.25278093e+10
 1.23000000e+01  4.27166764e+10
 1.24000000e+01  4.37612274e+10
 1.25000000e+01  4.31084653e+10
 1.26000000e+01  4.03471575e+10
 1.27000000e+01  3.75010512e+10
 1.28000000e+01  3.62665497e+10
 1.29000000e+01  3.61268443e+10
 1.30000000e+01  3.59225424e+10
 1.31000000e+01  3.52837788e+10
 1.32000000e+01  3.48064577e+10
 1.33000000e+01  3.49444442e+10
 1.34000000e+01  3.50907107e+10
 1.35000000e+01  3.43114730e+10
 1.36000000e+01  3.25765097e+10
 1.37000000e+01  3.10542590e+10
 1.38000000e+01  3.07231733e+10
 1.39000000e+01  3.09851456e+10
 1.40000000e+01  3.06938694e+10
 1.41000000e+01  2.95487179e+10
 1.42000000e+01  2.84631874e+10
 1.43000000e+01  2.82463766e+10
 1.44000000e+01  2.84486596e+10
 1.45000000e+01  2.81387890e+10
 1.46000000e+01  2.70462013e+10
 1.47000000e+01  2.59292820e+10
 1.48000000e+01  2.54665853e+10
 1.49000000e+01  2.51581577e+10
 1.50000000e+01  2.40139741e+10
 1.51000000e+01  2.19920152e+10
 1.52000000e+01  2.06493650e+10
 1.53000000e+01  2.10480953e+10
 1.54000000e+01  2.19500403e+10
 1.55000000e+01  2.16193437e+10
 1.56000000e+01  1.95006945e+10
 1.57000000e+01  1.71960330e+10
 1.58000000e+01  1.63143272e+10
 1.59000000e+01  1.65811550e+10
 1.60000000e+01  1.67803076e+10
 1.61000000e+01  1.62646483e+10
 1.62000000e+01  1.55272457e+10
 1.63000000e+01  1.50363811e+10
 1.64000000e+01  1.45852075e+10
 1.65000000e+01  1.38015098e+10
 1.66000000e+01  1.26967298e+10
 1.67000000e+01  1.17031823e+10
 1.68000000e+01  1.11429341e+10
 1.69000000e+01  1.07256265e+10
 1.70000000e+01  9.99578556e+09
 1.71000000e+01  8.90351321e+09
 1.72000000e+01  7.87973317e+09
 1.73000000e+01  7.27087122e+09
 1.74000000e+01  6.85192725e+09
 1.75000000e+01  6.22352377e+09
 1.76000000e+01  5.24213892e+09
 1.77000000e+01  4.09219940e+09
 1.78000000e+01  2.96278341e+09
 1.79000000e+01  1.94937001e+09
 1.80000000e+01  1.11431681e+09
 1.81000000e+01  4.86236869e+08
 1.82000000e+01  4.71017617e+07
 1.83000000e+01 -2.24537846e+08
 1.84000000e+01 -3.50131284e+08
 1.85000000e+01 -3.51127882e+08
 1.86000000e+01 -2.48976969e+08
 1.87000000e+01 -6.51278736e+07
 1.88000000e+01  1.78970074e+08
 1.89000000e+01  4.61867544e+08
 1.90000000e+01  7.62115207e+08
 1.91000000e+01  1.05826373e+09
 1.92000000e+01  1.32886380e+09
 1.93000000e+01  1.55246606e+09
 1.94000000e+01  1.70762120e+09
 1.95000000e+01  1.77287989e+09
 1.96000000e+01  1.72679280e+09
 1.97000000e+01  1.54791059e+09
 1.98000000e+01  1.21478394e+09
 1.99000000e+01  7.05963522e+08
 2.00000000e+01  0.00000000e+00
