# energy(MeV) dYield(atoms/MeV/s) photonFlux(photons/MeV/uA/s) crossSection(mb)
# 301 4
# 301 4
 0.00000000e+00  0.00000000e+00  0.00000000e+00  0.00000000e+00
 2.00000000e-01  0.00000000e+00  0.00000000e+00  0.00000000e+00
 4.00000000e-01  0.00000000e+00  0.00000000e+00  0.00000000e+00
 6.00000000e-01  0.00000000e+00  0.00000000e+00  0.00000000e+00
 8.00000000e-01  0.00000000e+00  0.00000000e+00  0.00000000e+00
 1.00000000e+00  0.00000000e+00  0.00000000e+00  0.00000000e+00
 1.20000000e+00  0.00000000e+00  0.00000000e+00  0.00000000e+00
 1.40000000e+00  0.00000000e+00  0.00000000e+00  0.00000000e+00
 1.60000000e+00  0.00000000e+00  0.00000000e+00  0.00000000e+00
 1.80000000e+00  0.00000000e+00  0.00000000e+00  0.00000000e+00
 2.00000000e+00  0.00000000e+00  0.00000000e+00  0.00000000e+00
 2.20000000e+00  0.00000000e+00  0.00000000e+00  0.00000000e+00
 2.40000000e+00  0.00000000e+00  0.00000000e+00  0.00000000e+00
 2.60000000e+00  0.00000000e+00  0.00000000e+00  0.00000000e+00
 2.80000000e+00  0.00000000e+00  0.00000000e+00  0.00000000e+00
 3.00000000e+00  0.00000000e+00  0.00000000e+00  0.00000000e+00
 3.20000000e+00  0.00000000e+00  0.00000000e+00  0.00000000e+00
 3.40000000e+00  0.00000000e+00  0.00000000e+00  0.00000000e+00
 3.60000000e+00  0.00000000e+00  0.00000000e+00  0.00000000e+00
 3.80000000e+00  0.00000000e+00  0.00000000e+00  0.00000000e+00
 4.00000000e+00  0.00000000e+00  0.00000000e+00  0.00000000e+00
 4.20000000e+00  0.00000000e+00  0.00000000e+00  0.00000000e+00
 4.40000000e+00  0.00000000e+00  0.00000000e+00  0.00000000e+00
 4.60000000e+00  0.00000000e+00  0.00000000e+00  0.00000000e+00
 4.80000000e+00  0.00000000e+00  0.00000000e+00  0.00000000e+00
 5.00000000e+00  0.00000000e+00  0.00000000e+00  0.00000000e+00
 5.20000000e+00  0.00000000e+00  0.00000000e+00  0.00000000e+00
 5.40000000e+00  0.00000000e+00  0.00000000e+00  0.00000000e+00
 5.60000000e+00  0.00000000e+00  0.00000000e+00  0.00000000e+00
 5.80000000e+00  0.00000000e+00  0.00000000e+00  0.00000000e+00
 6.00000000e+00  0.00000000e+00  0.00000000e+00  0.00000000e+00
 6.20000000e+00  0.00000000e+00  0.00000000e+00  0.00000000e+00
 6.40000000e+00  0.00000000e+00  0.00000000e+00  0.00000000e+00
 6.60000000e+00  0.00000000e+00  0.00000000e+00  0.00000000e+00
 6.80000000e+00  0.00000000e+00  0.00000000e+00  0.00000000e+00
 7.00000000e+00  0.00000000e+00  0.00000000e+00  0.00000000e+00
 7.20000000e+00  0.00000000e+00  0.00000000e+00  0.00000000e+00
 7.40000000e+00  0.00000000e+00  0.00000000e+00  0.00000000e+00
 7.60000000e+00  0.00000000e+00  0.00000000e+00  0.00000000e+00
 7.80000000e+00  0.00000000e+00  0.00000000e+00  0.00000000e+00
 8.00000000e+00  0.00000000e+00  0.00000000e+00  0.00000000e+00
 8.20000000e+00  0.00000000e+00  0.00000000e+00  0.00000000e+00
 8.40000000e+00  0.00000000e+00  0.00000000e+00  0.00000000e+00
 8.60000000e+00  0.00000000e+00  0.00000000e+00  0.00000000e+00
 8.80000000e+00  0.00000000e+00  0.00000000e+00  0.00000000e+00
 9.00000000e+00  0.00000000e+00  0.00000000e+00  0.00000000e+00
 9.20000000e+00  0.00000000e+00  0.00000000e+00  0.00000000e+00
 9.40000000e+00  0.00000000e+00  0.00000000e+00  0.00000000e+00
 9.60000000e+00  0.00000000e+00  0.00000000e+00  0.00000000e+00
 9.80000000e+00  0.00000000e+00  2.48030000e+12  0.00000000e+00
 1.00000000e+01  0.00000000e+00  2.50745000e+12  0.00000000e+00
 1.02000000e+01  0.00000000e+00  2.53450000e+12  0.00000000e+00
 1.04000000e+01  0.00000000e+00  2.56145000e+12  0.00000000e+00
 1.06000000e+01  0.00000000e+00  2.58830000e+12  0.00000000e+00
 1.08000000e+01  0.00000000e+00  2.61505000e+12  0.00000000e+00
 1.10000000e+01  0.00000000e+00  2.64170000e+12  0.00000000e+00
 1.12000000e+01  1.05233478e-06  2.66825000e+12  1.65208000e-41
 1.14000000e+01  2.12553287e-06  2.69470000e+12  3.30416000e-41
 1.16000000e+01  3.21953510e-06  2.72110000e+12  4.95624000e-41
 1.18000000e+01  4.33420344e-06  2.74740000e+12  6.60832000e-41
 1.20000000e+01  5.46932097e-06  2.77355000e+12  8.26040000e-41
 1.22000000e+01  2.47185918e-04  2.79965000e+12  3.69848320e-39
 1.24000000e+01  4.93399676e-04  2.82570000e+12  7.31436240e-39
 1.26000000e+01  7.44071553e-04  2.85160000e+12  1.09302416e-38
 1.28000000e+01  9.99180070e-04  2.87740000e+12  1.45461208e-38
 1.30000000e+01  1.25874269e-03  2.90320000e+12  1.81620000e-38
 1.32000000e+01  8.91181029e-03  2.92890000e+12  1.27457400e-37
 1.34000000e+01  1.66981402e-02  2.95445000e+12  2.36752800e-37
 1.36000000e+01  2.46173843e-02  2.97995000e+12  3.46048200e-37
 1.38000000e+01  3.26691513e-02  3.00540000e+12  4.55343600e-37
 1.40000000e+01  4.08523759e-02  3.03075000e+12  5.64639000e-37
 1.42000000e+01  3.22739521e+00  3.05600000e+12  4.42387112e-35
 1.44000000e+01  6.46648468e+00  3.08120000e+12  8.79127834e-35
 1.46000000e+01  9.75780735e+00  3.10630000e+12  1.31586856e-34
 1.48000000e+01  1.31010504e+01  3.13130000e+12  1.75260928e-34
 1.50000000e+01  1.64961624e+01  3.15625000e+12  2.18935000e-34
 1.52000000e+01  1.55193303e+02  3.18115000e+12  2.04358400e-33
 1.54000000e+01  2.96055053e+02  3.20600000e+12  3.86823300e-33
 1.56000000e+01  4.39061288e+02  3.23070000e+12  5.69288200e-33
 1.58000000e+01  5.84210355e+02  3.25535000e+12  7.51753100e-33
 1.60000000e+01  7.31495717e+02  3.27995000e+12  9.34218000e-33
 1.62000000e+01  2.61459813e+03  3.30445000e+12  3.31443440e-32
 1.64000000e+01  4.52547511e+03  3.32890000e+12  5.69465080e-32
 1.66000000e+01  6.46394505e+03  3.35325000e+12  8.07486720e-32
 1.68000000e+01  8.42996226e+03  3.37755000e+12  1.04550836e-31
 1.70000000e+01  1.04234415e+04  3.40180000e+12  1.28353000e-31
 1.72000000e+01  2.43877748e+04  3.42595000e+12  2.98191200e-31
 1.74000000e+01  3.85473793e+04  3.45005000e+12  4.68029400e-31
 1.76000000e+01  5.29016468e+04  3.47410000e+12  6.37867600e-31
 1.78000000e+01  6.74490051e+04  3.49805000e+12  8.07705800e-31
 1.80000000e+01  8.21894046e+04  3.52195000e+12  9.77544000e-31
 1.82000000e+01  1.55007531e+05  3.54580000e+12  1.83122720e-30
 1.84000000e+01  2.28791350e+05  3.56955000e+12  2.68491040e-30
 1.86000000e+01  3.03538970e+05  3.59325000e+12  3.53859360e-30
 1.88000000e+01  3.79247334e+05  3.61690000e+12  4.39227680e-30
 1.90000000e+01  4.55907125e+05  3.64045000e+12  5.24596000e-30
 1.92000000e+01  7.31444502e+05  3.66395000e+12  8.36248800e-30
 1.94000000e+01  1.01047863e+06  3.68745000e+12  1.14790160e-29
 1.96000000e+01  1.29297468e+06  3.71085000e+12  1.45955440e-29
 1.98000000e+01  1.57891032e+06  3.73415000e+12  1.77120720e-29
 2.00000000e+01  1.86831295e+06  3.75745000e+12  2.08286000e-29
 2.02000000e+01  3.05802242e+06  3.78070000e+12  3.38822400e-29
 2.04000000e+01  4.26211027e+06  3.80385000e+12  4.69358800e-29
 2.06000000e+01  5.48055460e+06  3.82695000e+12  5.99895200e-29
 2.08000000e+01  6.71330868e+06  3.85000000e+12  7.30431600e-29
 2.10000000e+01  7.96032576e+06  3.87300000e+12  8.60968000e-29
 2.12000000e+01  9.22155910e+06  3.89595000e+12  9.91504400e-29
 2.14000000e+01  1.04968280e+07  3.91880000e+12  1.12204080e-28
 2.16000000e+01  1.17861886e+07  3.94160000e+12  1.25257720e-28
 2.18000000e+01  1.30895940e+07  3.96435000e+12  1.38311360e-28
 2.20000000e+01  1.44069975e+07  3.98705000e+12  1.51365000e-28
 2.22000000e+01  1.84815088e+07  4.00975000e+12  1.93074000e-28
 2.24000000e+01  2.26006642e+07  4.03235000e+12  2.34783000e-28
 2.26000000e+01  2.67644949e+07  4.05490000e+12  2.76492000e-28
 2.28000000e+01  3.09732315e+07  4.07745000e+12  3.18201000e-28
 2.30000000e+01  3.52260146e+07  4.09990000e+12  3.59910000e-28
 2.32000000e+01  3.95230251e+07  4.12230000e+12  4.01619000e-28
 2.34000000e+01  4.38641136e+07  4.14465000e+12  4.43328000e-28
 2.36000000e+01  4.82491306e+07  4.16695000e+12  4.85037000e-28
 2.38000000e+01  5.26779269e+07  4.18920000e+12  5.26746000e-28
 2.40000000e+01  5.71503530e+07  4.21140000e+12  5.68455000e-28
 2.42000000e+01  6.52590720e+07  4.23355000e+12  6.45713500e-28
 2.44000000e+01  7.34486325e+07  4.25565000e+12  7.22972000e-28
 2.46000000e+01  8.17187580e+07  4.27770000e+12  8.00230500e-28
 2.48000000e+01  9.00691718e+07  4.29970000e+12  8.77489000e-28
 2.50000000e+01  9.84995973e+07  4.32165000e+12  9.54747500e-28
 2.52000000e+01  1.07009758e+08  4.34355000e+12  1.03200600e-27
 2.54000000e+01  1.15600701e+08  4.36545000e+12  1.10926450e-27
 2.56000000e+01  1.24271010e+08  4.38730000e+12  1.18652300e-27
 2.58000000e+01  1.33020408e+08  4.40910000e+12  1.26378150e-27
 2.60000000e+01  1.41848620e+08  4.43085000e+12  1.34104000e-27
 2.62000000e+01  1.51692179e+08  4.45250000e+12  1.42712800e-27
 2.64000000e+01  1.61624725e+08  4.47415000e+12  1.51321600e-27
 2.66000000e+01  1.71646258e+08  4.49580000e+12  1.59930400e-27
 2.68000000e+01  1.81754767e+08  4.51740000e+12  1.68539200e-27
 2.70000000e+01  1.91949942e+08  4.53895000e+12  1.77148000e-27
 2.72000000e+01  2.02231477e+08  4.56045000e+12  1.85756800e-27
 2.74000000e+01  2.12599062e+08  4.58190000e+12  1.94365600e-27
 2.76000000e+01  2.23052389e+08  4.60330000e+12  2.02974400e-27
 2.78000000e+01  2.33591150e+08  4.62465000e+12  2.11583200e-27
 2.80000000e+01  2.44215037e+08  4.64595000e+12  2.20192000e-27
 2.82000000e+01  2.53044057e+08  4.66725000e+12  2.27111300e-27
 2.84000000e+01  2.61940650e+08  4.68850000e+12  2.34030600e-27
 2.86000000e+01  2.70904568e+08  4.70970000e+12  2.40949900e-27
 2.88000000e+01  2.79935564e+08  4.73085000e+12  2.47869200e-27
 2.90000000e+01  2.89036432e+08  4.75200000e+12  2.54788500e-27
 2.92000000e+01  2.98204047e+08  4.77310000e+12  2.61707800e-27
 2.94000000e+01  3.07438162e+08  4.79415000e+12  2.68627100e-27
 2.96000000e+01  3.16741818e+08  4.81520000e+12  2.75546400e-27
 2.98000000e+01  3.26108272e+08  4.83615000e+12  2.82465700e-27
 3.00000000e+01  3.35543936e+08  4.85710000e+12  2.89385000e-27
 3.02000000e+01  3.39687776e+08  4.87800000e+12  2.91703600e-27
 3.04000000e+01  3.43851243e+08  4.89885000e+12  2.94022200e-27
 3.06000000e+01  3.48041328e+08  4.91975000e+12  2.96340800e-27
 3.08000000e+01  3.52247420e+08  4.94055000e+12  2.98659400e-27
 3.10000000e+01  3.56472945e+08  4.96130000e+12  3.00978000e-27
 3.12000000e+01  3.60721441e+08  4.98205000e+12  3.03296600e-27
 3.14000000e+01  3.64985612e+08  5.00270000e+12  3.05615200e-27
 3.16000000e+01  3.69272642e+08  5.02335000e+12  3.07933800e-27
 3.18000000e+01  3.73582532e+08  5.04400000e+12  3.10252400e-27
 3.20000000e+01  3.77911551e+08  5.06460000e+12  3.12571000e-27
 3.22000000e+01  3.82259616e+08  5.08515000e+12  3.14889600e-27
 3.24000000e+01  3.86626644e+08  5.10565000e+12  3.17208200e-27
 3.26000000e+01  3.91016365e+08  5.12615000e+12  3.19526800e-27
 3.28000000e+01  3.95424938e+08  5.14660000e+12  3.21845400e-27
 3.30000000e+01  3.99852281e+08  5.16700000e+12  3.24164000e-27
 3.32000000e+01  4.04298310e+08  5.18735000e+12  3.26482600e-27
 3.34000000e+01  4.08762941e+08  5.20765000e+12  3.28801200e-27
 3.36000000e+01  4.13253998e+08  5.22800000e+12  3.31119800e-27
 3.38000000e+01  4.17763602e+08  5.24830000e+12  3.33438400e-27
 3.40000000e+01  4.22291671e+08  5.26855000e+12  3.35757000e-27
 3.42000000e+01  4.26842156e+08  5.28880000e+12  3.38075600e-27
 3.44000000e+01  4.31410996e+08  5.30900000e+12  3.40394200e-27
 3.46000000e+01  4.35998107e+08  5.32915000e+12  3.42712800e-27
 3.48000000e+01  4.40603405e+08  5.34925000e+12  3.45031400e-27
 3.50000000e+01  4.45230955e+08  5.36935000e+12  3.47350000e-27
 3.52000000e+01  4.45303370e+08  5.38945000e+12  3.46110840e-27
 3.54000000e+01  4.45363894e+08  5.40955000e+12  3.44871680e-27
 3.56000000e+01  4.45408424e+08  5.42960000e+12  3.43632520e-27
 3.58000000e+01  4.45432918e+08  5.44955000e+12  3.42393360e-27
 3.60000000e+01  4.45445609e+08  5.46950000e+12  3.41154200e-27
 3.62000000e+01  4.45446497e+08  5.48945000e+12  3.39915040e-27
 3.64000000e+01  4.45435582e+08  5.50940000e+12  3.38675880e-27
 3.66000000e+01  4.45412864e+08  5.52935000e+12  3.37436720e-27
 3.68000000e+01  4.45370317e+08  5.54920000e+12  3.36197560e-27
 3.70000000e+01  4.45312027e+08  5.56900000e+12  3.34958400e-27
 3.72000000e+01  4.45242024e+08  5.58880000e+12  3.33719240e-27
 3.74000000e+01  4.45160305e+08  5.60860000e+12  3.32480080e-27
 3.76000000e+01  4.45062919e+08  5.62835000e+12  3.31240920e-27
 3.78000000e+01  4.44953848e+08  5.64810000e+12  3.30001760e-27
 3.80000000e+01  4.44829168e+08  5.66780000e+12  3.28762600e-27
 3.82000000e+01  4.44688924e+08  5.68745000e+12  3.27523440e-27
 3.84000000e+01  4.44537053e+08  5.70710000e+12  3.26284280e-27
 3.86000000e+01  4.44369678e+08  5.72670000e+12  3.25045120e-27
 3.88000000e+01  4.44190706e+08  5.74630000e+12  3.23805960e-27
 3.90000000e+01  4.43996288e+08  5.76585000e+12  3.22566800e-27
 3.92000000e+01  4.43786468e+08  5.78535000e+12  3.21327640e-27
 3.94000000e+01  4.43565112e+08  5.80485000e+12  3.20088480e-27
 3.96000000e+01  4.43332218e+08  5.82435000e+12  3.18849320e-27
 3.98000000e+01  4.43083997e+08  5.84380000e+12  3.17610160e-27
 4.00000000e+01  4.42820492e+08  5.86320000e+12  3.16371000e-27
 4.02000000e+01  4.40839318e+08  5.88260000e+12  3.13916880e-27
 4.04000000e+01  4.38835413e+08  5.90200000e+12  3.11462760e-27
 4.06000000e+01  4.36805088e+08  5.92135000e+12  3.09008640e-27
 4.08000000e+01  4.34748432e+08  5.94065000e+12  3.06554520e-27
 4.10000000e+01  4.32672791e+08  5.96000000e+12  3.04100400e-27
 4.12000000e+01  4.30574477e+08  5.97935000e+12  3.01646280e-27
 4.14000000e+01  4.28446349e+08  5.99860000e+12  2.99192160e-27
 4.16000000e+01  4.26295665e+08  6.01785000e+12  2.96738040e-27
 4.18000000e+01  4.24125938e+08  6.03715000e+12  2.94283920e-27
 4.20000000e+01  4.21930113e+08  6.05640000e+12  2.91829800e-27
 4.22000000e+01  4.19708279e+08  6.07560000e+12  2.89375680e-27
 4.24000000e+01  4.17463948e+08  6.09480000e+12  2.86921560e-27
 4.26000000e+01  4.15197120e+08  6.11400000e+12  2.84467440e-27
 4.28000000e+01  4.12904429e+08  6.13315000e+12  2.82013320e-27
 4.30000000e+01  4.10589300e+08  6.15230000e+12  2.79559200e-27
 4.32000000e+01  4.08251732e+08  6.17145000e+12  2.77105080e-27
 4.34000000e+01  4.05891726e+08  6.19060000e+12  2.74650960e-27
 4.36000000e+01  4.03509282e+08  6.20975000e+12  2.72196840e-27
 4.38000000e+01  4.01101179e+08  6.22885000e+12  2.69742720e-27
 4.40000000e+01  3.98670697e+08  6.24795000e+12  2.67288600e-27
 4.42000000e+01  3.96214674e+08  6.26700000e+12  2.64834480e-27
 4.44000000e+01  3.93736330e+08  6.28605000e+12  2.62380360e-27
 4.46000000e+01  3.91235664e+08  6.30510000e+12  2.59926240e-27
 4.48000000e+01  3.88709604e+08  6.32410000e+12  2.57472120e-27
 4.50000000e+01  3.86164326e+08  6.34315000e+12  2.55018000e-27
 4.52000000e+01  3.83903343e+08  6.36220000e+12  2.52765760e-27
 4.54000000e+01  3.81621876e+08  6.38125000e+12  2.50513520e-27
 4.56000000e+01  3.79319924e+08  6.40030000e+12  2.48261280e-27
 4.58000000e+01  3.76994550e+08  6.41930000e+12  2.46009040e-27
 4.60000000e+01  3.74648746e+08  6.43830000e+12  2.43756800e-27
 4.62000000e+01  3.72282510e+08  6.45730000e+12  2.41504560e-27
 4.64000000e+01  3.69898698e+08  6.47635000e+12  2.39252320e-27
 4.66000000e+01  3.67494401e+08  6.49540000e+12  2.37000080e-27
 4.68000000e+01  3.65061214e+08  6.51430000e+12  2.34747840e-27
 4.70000000e+01  3.62607703e+08  6.53320000e+12  2.32495600e-27
 4.72000000e+01  3.60139364e+08  6.55220000e+12  2.30243360e-27
 4.74000000e+01  3.57645152e+08  6.57110000e+12  2.27991120e-27
 4.76000000e+01  3.55127921e+08  6.58995000e+12  2.25738880e-27
 4.78000000e+01  3.52593088e+08  6.60885000e+12  2.23486640e-27
 4.80000000e+01  3.50037932e+08  6.62775000e+12  2.21234400e-27
 4.82000000e+01  3.47459837e+08  6.64660000e+12  2.18982160e-27
 4.84000000e+01  3.44861473e+08  6.66545000e+12  2.16729920e-27
 4.86000000e+01  3.42245399e+08  6.68435000e+12  2.14477680e-27
 4.88000000e+01  3.10472518e+08  6.12815000e+12  2.12225440e-27
 4.90000000e+01  1.80921091e+08  3.60935000e+12  2.09973200e-27
 4.92000000e+01  4.10638287e+07  8.28100000e+11  2.07720960e-27
 4.94000000e+01  0.00000000e+00  0.00000000e+00  2.05468720e-27
 4.96000000e+01  0.00000000e+00  0.00000000e+00  2.03216480e-27
 4.98000000e+01  0.00000000e+00  0.00000000e+00  2.00964240e-27
 5.00000000e+01  0.00000000e+00  0.00000000e+00  1.98712000e-27
 5.02000000e+01  0.00000000e+00  0.00000000e+00  1.97062440e-27
 5.04000000e+01  0.00000000e+00  0.00000000e+00  1.95412880e-27
 5.06000000e+01  0.00000000e+00  0.00000000e+00  1.93763320e-27
 5.08000000e+01  0.00000000e+00  0.00000000e+00  1.92113760e-27
 5.10000000e+01  0.00000000e+00  0.00000000e+00  1.90464200e-27
 5.12000000e+01  0.00000000e+00  0.00000000e+00  1.88814640e-27
 5.14000000e+01  0.00000000e+00  0.00000000e+00  1.87165080e-27
 5.16000000e+01  0.00000000e+00  0.00000000e+00  1.85515520e-27
 5.18000000e+01  0.00000000e+00  0.00000000e+00  1.83865960e-27
 5.20000000e+01  0.00000000e+00  0.00000000e+00  1.82216400e-27
 5.22000000e+01  0.00000000e+00  0.00000000e+00  1.80566840e-27
 5.24000000e+01  0.00000000e+00  0.00000000e+00  1.78917280e-27
 5.26000000e+01  0.00000000e+00  0.00000000e+00  1.77267720e-27
 5.28000000e+01  0.00000000e+00  0.00000000e+00  1.75618160e-27
 5.30000000e+01  0.00000000e+00  0.00000000e+00  1.73968600e-27
 5.32000000e+01  0.00000000e+00  0.00000000e+00  1.72319040e-27
 5.34000000e+01  0.00000000e+00  0.00000000e+00  1.70669480e-27
 5.36000000e+01  0.00000000e+00  0.00000000e+00  1.69019920e-27
 5.38000000e+01  0.00000000e+00  0.00000000e+00  1.67370360e-27
 5.40000000e+01  0.00000000e+00  0.00000000e+00  1.65720800e-27
 5.42000000e+01  0.00000000e+00  0.00000000e+00  1.64071240e-27
 5.44000000e+01  0.00000000e+00  0.00000000e+00  1.62421680e-27
 5.46000000e+01  0.00000000e+00  0.00000000e+00  1.60772120e-27
 5.48000000e+01  0.00000000e+00  0.00000000e+00  1.59122560e-27
 5.50000000e+01  0.00000000e+00  0.00000000e+00  1.57473000e-27
 5.52000000e+01  0.00000000e+00  0.00000000e+00  1.56101520e-27
 5.54000000e+01  0.00000000e+00  0.00000000e+00  1.54730040e-27
 5.56000000e+01  0.00000000e+00  0.00000000e+00  1.53358560e-27
 5.58000000e+01  0.00000000e+00  0.00000000e+00  1.51987080e-27
 5.60000000e+01  0.00000000e+00  0.00000000e+00  1.50615600e-27
 5.62000000e+01  0.00000000e+00  0.00000000e+00  1.49244120e-27
 5.64000000e+01  0.00000000e+00  0.00000000e+00  1.47872640e-27
 5.66000000e+01  0.00000000e+00  0.00000000e+00  1.46501160e-27
 5.68000000e+01  0.00000000e+00  0.00000000e+00  1.45129680e-27
 5.70000000e+01  0.00000000e+00  0.00000000e+00  1.43758200e-27
 5.72000000e+01  0.00000000e+00  0.00000000e+00  1.42386720e-27
 5.74000000e+01  0.00000000e+00  0.00000000e+00  1.41015240e-27
 5.76000000e+01  0.00000000e+00  0.00000000e+00  1.39643760e-27
 5.78000000e+01  0.00000000e+00  0.00000000e+00  1.38272280e-27
 5.80000000e+01  0.00000000e+00  0.00000000e+00  1.36900800e-27
 5.82000000e+01  0.00000000e+00  0.00000000e+00  1.35529320e-27
 5.84000000e+01  0.00000000e+00  0.00000000e+00  1.34157840e-27
 5.86000000e+01  0.00000000e+00  0.00000000e+00  1.32786360e-27
 5.88000000e+01  0.00000000e+00  0.00000000e+00  1.31414880e-27
 5.90000000e+01  0.00000000e+00  0.00000000e+00  1.30043400e-27
 5.92000000e+01  0.00000000e+00  0.00000000e+00  1.28671920e-27
 5.94000000e+01  0.00000000e+00  0.00000000e+00  1.27300440e-27
 5.96000000e+01  0.00000000e+00  0.00000000e+00  1.25928960e-27
 5.98000000e+01  0.00000000e+00  0.00000000e+00  1.24557480e-27
 6.00000000e+01  0.00000000e+00  0.00000000e+00  1.23186000e-27
